gameId,actionNumber,clock,period,teamId,teamTricode,personId,playerName,playerNameI,xLegacy,yLegacy,shotDistance,shotResult,isFieldGoal,scoreHome,scoreAway,pointsTotal,location,description,actionType,subType,videoAvailable,shotValue,actionId
0022000067,2,PT12M00.00S,1,0,,0,,,0,0,0,,0,0,0,0,,Start of 1st Period (8:11 PM EST),period,start,0,0,1
0022000067,4,PT12M00.00S,1,1610612760,OKC,201143,Horford,A. Horford,0,0,0,,0,,,0,h,Jump Ball Horford vs. Adams: Tip to Ball,Jump Ball,,1,0,2
0022000067,7,PT11M48.00S,1,1610612740,NOP,202339,Bledsoe,E. Bledsoe,102,142,17,Missed,1,,,0,v,MISS Bledsoe 17' Pullup Jump Shot,Missed Shot,Pullup Jump shot,1,2,3
0022000067,8,PT11M45.00S,1,1610612760,OKC,201143,Horford,A. Horford,0,0,0,,0,,,0,h,Horford REBOUND (Off:0 Def:1),Rebound,Unknown,1,0,4
0022000067,9,PT11M36.00S,1,1610612760,OKC,1629647,Bazley,D. Bazley,12,0,1,Made,1,2,0,2,h,Bazley 1' Driving Layup (2 PTS),Made Shot,Driving Layup Shot,1,2,5
0022000067,10,PT11M12.00S,1,1610612740,NOP,1628366,Ball,L. Ball,21,10,2,Missed,1,,,0,v,MISS Ball 2' Cutting Layup Shot,Missed Shot,Cutting Layup Shot,1,2,6
0022000067,11,PT11M11.00S,1,1610612740,NOP,203500,Adams,S. Adams,0,0,0,,0,,,0,v,Adams REBOUND (Off:1 Def:0),Rebound,Unknown,1,0,7
0022000067,12,PT11M07.00S,1,1610612760,OKC,1629652,Dort,L. Dort,0,0,0,,0,,,0,h,Dort S.FOUL (P1.T1) (J.Goble),Foul,Shooting,1,0,8
0022000067,14,PT11M07.00S,1,0,,1610612760,,,0,0,0,,0,,,0,h,THUNDER Timeout: Regular (Full 1 Short 0),Timeout,Regular,0,0,9
0022000067,15,PT11M07.00S,1,0,,12,King,C. King,0,0,0,,0,2,0,2,,Instant Replay1st Period (8:13 PM EST),Instant Replay,Coach Challenge Ruling Stands,1,0,10
0022000067,16,PT11M07.00S,1,1610612740,NOP,1627742,Ingram,B. Ingram,0,0,0,,0,2,1,3,v,Ingram Free Throw 1 of 3 (1 PTS),Free Throw,Free Throw 1 of 3,1,0,11
0022000067,17,PT11M07.00S,1,1610612740,NOP,1627742,Ingram,B. Ingram,0,0,0,,0,,,0,v,MISS Ingram Free Throw 2 of 3,Free Throw,Free Throw 2 of 3,1,0,12
0022000067,18,PT11M07.00S,1,0,,1610612740,,,0,0,0,,0,,,0,v,Pelicans Rebound,Rebound,Normal Rebound,0,0,13
0022000067,19,PT11M07.00S,1,1610612740,NOP,1627742,Ingram,B. Ingram,0,0,0,,0,2,2,4,v,Ingram Free Throw 3 of 3 (2 PTS),Free Throw,Free Throw 3 of 3,1,0,14
0022000067,20,PT10M52.00S,1,1610612760,OKC,201588,Hill,G. Hill,110,221,25,Missed,1,,,0,h,MISS G. Hill 25' 3PT Pullup Jump Shot,Missed Shot,Pullup Jump shot,1,3,15
0022000067,21,PT10M49.00S,1,1610612740,NOP,202339,Bledsoe,E. Bledsoe,0,0,0,,0,,,0,v,Bledsoe REBOUND (Off:0 Def:1),Rebound,Unknown,1,0,16
0022000067,22,PT10M42.00S,1,1610612740,NOP,1627742,Ingram,B. Ingram,-27,149,15,Missed,1,,,0,v,MISS Ingram 15' Pullup Jump Shot,Missed Shot,Pullup Jump shot,1,2,17
0022000067,23,PT10M39.00S,1,1610612740,NOP,1629627,Williamson,Z. Williamson,0,0,0,,0,,,0,v,Williamson REBOUND (Off:1 Def:0),Rebound,Unknown,1,0,18
0022000067,24,PT10M38.00S,1,1610612740,NOP,1629627,Williamson,Z. Williamson,-1,16,2,Made,1,2,4,6,v,Williamson 2' Putback Layup (2 PTS),Made Shot,Putback Layup Shot,1,2,19
0022000067,25,PT10M28.00S,1,1610612760,OKC,1629652,Dort,L. Dort,0,0,0,,0,,,0,h,Dort Traveling Turnover (P1.T1),Turnover,Traveling,1,0,20
0022000067,26,PT10M15.00S,1,1610612740,NOP,202339,Bledsoe,E. Bledsoe,-19,105,11,Made,1,2,6,8,v,Bledsoe 11' Driving Floating Jump Shot (2 PTS),Made Shot,Driving Floating Jump Shot,1,2,21
0022000067,27,PT09M58.00S,1,1610612760,OKC,201143,Horford,A. Horford,-227,73,24,Made,1,5,6,11,h,Horford 24' 3PT Jump Shot (3 PTS) (G. Hill 1 AST),Made Shot,Jump Shot,1,3,22
0022000067,29,PT09M44.00S,1,1610612740,NOP,203500,Adams,S. Adams,6,127,13,Missed,1,,,0,v,MISS Adams 13' Jump Shot,Missed Shot,Jump Shot,1,2,23
0022000067,30,PT09M42.00S,1,1610612760,OKC,201143,Horford,A. Horford,0,0,0,,0,,,0,h,Horford REBOUND (Off:0 Def:2),Rebound,Unknown,1,0,24
0022000067,31,PT09M32.00S,1,1610612760,OKC,1629647,Bazley,D. Bazley,230,15,0,Missed,1,,,0,h,MISS Bazley 3PT Jump Shot,Missed Shot,Jump Shot,1,3,25
0022000067,32,PT09M29.00S,1,1610612740,NOP,203500,Adams,S. Adams,0,0,0,,0,,,0,v,Adams REBOUND (Off:1 Def:1),Rebound,Unknown,1,0,26
0022000067,33,PT09M07.00S,1,1610612740,NOP,203500,Adams,S. Adams,-3,11,1,Made,1,5,8,13,v,Adams 1' Layup (2 PTS) (Williamson 1 AST),Made Shot,Layup Shot,1,2,27
0022000067,35,PT08M55.00S,1,1610612760,OKC,1629647,Bazley,D. Bazley,0,0,0,,0,,,0,h,Bazley Traveling Turnover (P1.T2),Turnover,Traveling,1,0,28
0022000067,36,PT08M42.00S,1,1610612740,NOP,1629627,Williamson,Z. Williamson,13,10,2,Missed,1,,,0,v,MISS Williamson 2' Driving Layup,Missed Shot,Driving Layup Shot,1,2,29
0022000067,37,PT08M37.00S,1,1610612740,NOP,1627742,Ingram,B. Ingram,0,0,0,,0,,,0,v,Ingram REBOUND (Off:1 Def:0),Rebound,Unknown,1,0,30
0022000067,38,PT08M36.00S,1,1610612740,NOP,1627742,Ingram,B. Ingram,-11,123,12,Missed,1,,,0,v,MISS Ingram 12' Pullup Jump Shot,Missed Shot,Pullup Jump shot,1,2,31
0022000067,39,PT08M33.00S,1,1610612740,NOP,203500,Adams,S. Adams,0,0,0,,0,,,0,v,Adams REBOUND (Off:2 Def:1),Rebound,Unknown,1,0,32
0022000067,40,PT08M33.00S,1,1610612740,NOP,203500,Adams,S. Adams,0,0,0,Missed,1,,,0,v,MISS Adams Tip Layup Shot,Missed Shot,Tip Layup Shot,1,2,33
0022000067,41,PT08M33.00S,1,0,,1610612760,,,0,0,0,,0,,,0,h,THUNDER Rebound,Rebound,Unknown,0,0,34
0022000067,43,PT08M15.00S,1,1610612760,OKC,201588,Hill,G. Hill,110,224,25,Made,1,8,8,16,h,G. Hill 25' 3PT Jump Shot (3 PTS) (Horford 1 AST),Made Shot,Jump Shot,1,3,35
0022000067,45,PT07M54.00S,1,1610612740,NOP,203500,Adams,S. Adams,-5,7,1,Missed,1,,,0,v,MISS Adams 1' Driving Dunk,Missed Shot,Driving Dunk Shot,1,2,36
0022000067,46,PT07M54.00S,1,1610612740,NOP,1629627,Williamson,Z. Williamson,0,0,0,,0,,,0,v,Williamson REBOUND (Off:2 Def:0),Rebound,Unknown,1,0,37
0022000067,47,PT07M54.00S,1,1610612760,OKC,1629652,Dort,L. Dort,0,0,0,,0,,,0,h,Dort S.FOUL (P2.T2) (J.Sterling),Foul,Shooting,1,0,38
0022000067,49,PT07M54.00S,1,1610612740,NOP,1629627,Williamson,Z. Williamson,0,0,0,,0,,,0,v,MISS Williamson Free Throw 1 of 2,Free Throw,Free Throw 1 of 2,1,0,39
0022000067,50,PT07M54.00S,1,0,,1610612740,,,0,0,0,,0,,,0,v,Pelicans Rebound,Rebound,Normal Rebound,0,0,40
0022000067,51,PT07M54.00S,1,1610612740,NOP,1629627,Williamson,Z. Williamson,0,0,0,,0,8,9,17,v,Williamson Free Throw 2 of 2 (3 PTS),Free Throw,Free Throw 2 of 2,1,0,41
0022000067,52,PT07M45.00S,1,1610612760,OKC,201588,Hill,G. Hill,0,0,0,,0,,,0,h,G. Hill Out of Bounds Lost Ball Turnover (P1.T3),Turnover,Out of Bounds Lost Ball Turnover,1,0,42
0022000067,53,PT07M34.00S,1,1610612740,NOP,1629627,Williamson,Z. Williamson,-3,13,1,Made,1,8,11,19,v,Williamson 1' Cutting Layup Shot (5 PTS) (Ball 1 AST),Made Shot,Cutting Layup Shot,1,2,43
0022000067,55,PT07M14.00S,1,1610612760,OKC,1629652,Dort,L. Dort,172,188,25,Made,1,11,11,22,h,Dort 25' 3PT Jump Shot (3 PTS) (Gilgeous-Alexander 1 AST),Made Shot,Jump Shot,1,3,44
0022000067,57,PT06M58.00S,1,1610612740,NOP,1627742,Ingram,B. Ingram,33,43,5,Made,1,11,13,24,v,Ingram 5' Fadeaway Jumper (4 PTS),Made Shot,Fadeaway Jump Shot,1,2,45
0022000067,58,PT06M37.00S,1,1610612760,OKC,1629652,Dort,L. Dort,-221,3,0,Missed,1,,,0,h,MISS Dort 3PT Jump Shot,Missed Shot,Jump Shot,1,3,46
0022000067,59,PT06M34.00S,1,1610612760,OKC,1629647,Bazley,D. Bazley,0,0,0,,0,,,0,h,Bazley REBOUND (Off:1 Def:0),Rebound,Unknown,1,0,47
0022000067,60,PT06M31.00S,1,1610612760,OKC,1628983,Gilgeous-Alexander,S. Gilgeous-Alexander,-124,213,25,Made,1,14,13,27,h,Gilgeous-Alexander 25' 3PT Pullup Jump Shot (3 PTS) (Bazley 1 AST),Made Shot,Pullup Jump shot,1,3,48
0022000067,61,PT06M13.00S,1,1610612740,NOP,203500,Adams,S. Adams,2,10,1,Made,1,14,15,29,v,Adams 1' Dunk (4 PTS) (Bledsoe 1 AST),Made Shot,Dunk Shot,1,2,49
0022000067,63,PT06M03.00S,1,1610612740,NOP,1627742,Ingram,B. Ingram,0,0,0,,0,,,0,v,Ingram S.FOUL (P1.T1) (J.Sterling),Foul,Shooting,1,0,50
0022000067,66,PT06M03.00S,1,1610612760,OKC,1628983,Gilgeous-Alexander,S. Gilgeous-Alexander,0,0,0,,0,,,0,h,MISS Gilgeous-Alexander Free Throw 1 of 2,Free Throw,Free Throw 1 of 2,1,0,51
0022000067,67,PT06M03.00S,1,0,,1610612760,,,0,0,0,,0,,,0,h,THUNDER Rebound,Rebound,Normal Rebound,0,0,52
0022000067,68,PT06M03.00S,1,1610612760,OKC,1629652,Dort,L. Dort,0,0,0,,0,,,0,h,SUB: Diallo FOR Dort,Substitution,,0,0,53
0022000067,69,PT06M03.00S,1,1610612740,NOP,1629627,Williamson,Z. Williamson,0,0,0,,0,,,0,v,SUB: Redick FOR Williamson,Substitution,,0,0,54
0022000067,70,PT06M03.00S,1,1610612740,NOP,202339,Bledsoe,E. Bledsoe,0,0,0,,0,,,0,v,SUB: Hart FOR Bledsoe,Substitution,,0,0,55
0022000067,74,PT06M03.00S,1,1610612760,OKC,1628983,Gilgeous-Alexander,S. Gilgeous-Alexander,0,0,0,,0,,,0,h,MISS Gilgeous-Alexander Free Throw 2 of 2,Free Throw,Free Throw 2 of 2,1,0,56
0022000067,75,PT06M01.00S,1,1610612740,NOP,1628366,Ball,L. Ball,0,0,0,,0,,,0,v,Ball REBOUND (Off:0 Def:1),Rebound,Unknown,1,0,57
0022000067,76,PT05M51.00S,1,1610612760,OKC,1628977,Diallo,H. Diallo,0,0,0,,0,,,0,h,Diallo P.FOUL (P1.T3) (J.Sterling),Foul,Personal,1,0,58
0022000067,78,PT05M38.00S,1,1610612740,NOP,203500,Adams,S. Adams,48,126,13,Made,1,14,17,31,v,Adams 13' Jump Shot (6 PTS) (Ingram 1 AST),Made Shot,Jump Shot,1,2,59
0022000067,79,PT05M28.00S,1,1610612760,OKC,201143,Horford,A. Horford,-161,199,26,Made,1,17,17,34,h,Horford 26' 3PT Jump Shot (6 PTS) (G. Hill 2 AST),Made Shot,Jump Shot,1,3,60
0022000067,81,PT05M14.00S,1,1610612740,NOP,1628366,Ball,L. Ball,-199,157,25,Missed,1,,,0,v,MISS Ball 25' 3PT Jump Shot,Missed Shot,Jump Shot,1,3,61
0022000067,82,PT05M10.00S,1,1610612760,OKC,201143,Horford,A. Horford,0,0,0,,0,,,0,h,Horford REBOUND (Off:0 Def:3),Rebound,Unknown,1,0,62
0022000067,83,PT05M03.00S,1,1610612760,OKC,1629647,Bazley,D. Bazley,226,21,0,Missed,1,,,0,h,MISS Bazley 3PT Jump Shot,Missed Shot,Jump Shot,1,3,63
0022000067,84,PT05M00.00S,1,1610612740,NOP,1627742,Ingram,B. Ingram,0,0,0,,0,,,0,v,Ingram REBOUND (Off:1 Def:1),Rebound,Unknown,1,0,64
0022000067,85,PT04M50.00S,1,1610612740,NOP,1628366,Ball,L. Ball,15,7,2,Made,1,17,19,36,v,Ball 2' Driving Reverse Layup (2 PTS) (Hart 1 AST),Made Shot,Driving Reverse Layup Shot,1,2,65
0022000067,87,PT04M38.00S,1,1610612760,OKC,201588,Hill,G. Hill,224,5,0,Made,1,20,19,39,h,G. Hill 3PT Jump Shot (6 PTS) (Bazley 2 AST),Made Shot,Jump Shot,1,3,66
0022000067,89,PT04M31.00S,1,0,,1610612740,,,0,0,0,,0,,,0,v,Pelicans Timeout: Regular (Reg.1 Short 0),Timeout,Regular,0,0,67
0022000067,91,PT04M31.00S,1,1610612760,OKC,201588,Hill,G. Hill,0,0,0,,0,,,0,h,SUB: Muscala FOR G. Hill,Substitution,,0,0,68
0022000067,92,PT04M31.00S,1,1610612760,OKC,201143,Horford,A. Horford,0,0,0,,0,,,0,h,SUB: Maledon FOR Horford,Substitution,,0,0,69
0022000067,95,PT04M19.00S,1,1610612760,OKC,1629647,Bazley,D. Bazley,0,0,0,,0,,,0,h,Bazley Violation:Kicked Ball (B.Adair),Violation,Kicked Ball,0,0,70
0022000067,96,PT04M05.00S,1,1610612740,NOP,1628366,Ball,L. Ball,102,247,27,Made,1,20,22,42,v,Ball 27' 3PT Jump Shot (5 PTS) (Ingram 2 AST),Made Shot,Jump Shot,1,3,71
0022000067,98,PT03M56.00S,1,1610612760,OKC,1630177,Maledon,T. Maledon,0,0,0,,0,,,0,h,Maledon Bad Pass Turnover (P1.T4),Turnover,Bad Pass,1,0,72
0022000067,98,PT03M56.00S,1,1610612740,NOP,1628366,Ball,L. Ball,0,0,0,,0,,,0,v,Ball STEAL (1 STL),,,1,0,73
0022000067,100,PT03M54.00S,1,1610612740,NOP,1628366,Ball,L. Ball,-1,18,2,Made,1,20,24,44,v,Ball 2' Running Layup (7 PTS),Made Shot,Running Layup Shot,1,2,74
0022000067,103,PT03M44.00S,1,1610612760,OKC,1629647,Bazley,D. Bazley,0,0,0,,0,,,0,h,Bazley Offensive Goaltending Turnover (P2.T5),Turnover,Offensive Goaltending,1,0,75
0022000067,104,PT03M35.00S,1,1610612740,NOP,1628366,Ball,L. Ball,0,0,0,,0,,,0,v,Ball Out of Bounds - Bad Pass Turnover Turnover (P1.T1),Turnover,Out of Bounds - Bad Pass Turnover,1,0,76
0022000067,105,PT03M23.00S,1,1610612760,OKC,1629647,Bazley,D. Bazley,-15,-1,2,Made,1,22,24,46,h,Bazley 2' Cutting Layup Shot (4 PTS) (Muscala 1 AST),Made Shot,Cutting Layup Shot,1,2,77
0022000067,107,PT03M23.00S,1,1610612740,NOP,200755,Redick,J. Redick,0,0,0,,0,,,0,v,Redick S.FOUL (P1.T2) (J.Sterling),Foul,Shooting,1,0,78
0022000067,109,PT03M23.00S,1,1610612760,OKC,1629647,Bazley,D. Bazley,0,0,0,,0,23,24,47,h,Bazley Free Throw 1 of 1 (5 PTS),Free Throw,Free Throw 1 of 1,1,0,79
0022000067,110,PT03M11.00S,1,1610612740,NOP,1628366,Ball,L. Ball,-142,100,17,Missed,1,,,0,v,MISS Ball 17' Pullup Jump Shot,Missed Shot,Pullup Jump shot,1,2,80
0022000067,111,PT03M08.00S,1,1610612760,OKC,203488,Muscala,M. Muscala,0,0,0,,0,,,0,h,Muscala REBOUND (Off:0 Def:1),Rebound,Unknown,1,0,81
0022000067,112,PT02M50.00S,1,1610612760,OKC,203488,Muscala,M. Muscala,-231,-27,0,Missed,1,,,0,h,MISS Muscala 3PT Jump Shot,Missed Shot,Jump Shot,1,3,82
0022000067,113,PT02M47.00S,1,1610612740,NOP,1628404,Hart,J. Hart,0,0,0,,0,,,0,v,Hart REBOUND (Off:0 Def:1),Rebound,Unknown,1,0,83
0022000067,114,PT02M38.00S,1,1610612740,NOP,1627742,Ingram,B. Ingram,152,101,18,Made,1,23,26,49,v,Ingram 18' Pullup Jump Shot (6 PTS),Made Shot,Pullup Jump shot,1,2,84
0022000067,115,PT02M22.00S,1,1610612760,OKC,1629647,Bazley,D. Bazley,-227,16,0,Missed,1,,,0,h,MISS Bazley 3PT Jump Shot,Missed Shot,Jump Shot,1,3,85
0022000067,116,PT02M20.00S,1,1610612740,NOP,1628366,Ball,L. Ball,0,0,0,,0,,,0,v,Ball REBOUND (Off:0 Def:2),Rebound,Unknown,1,0,86
0022000067,117,PT02M13.00S,1,1610612740,NOP,1627742,Ingram,B. Ingram,-131,230,26,Missed,1,,,0,v,MISS Ingram 26' 3PT Jump Shot,Missed Shot,Jump Shot,1,3,87
0022000067,118,PT02M09.00S,1,1610612760,OKC,1630177,Maledon,T. Maledon,0,0,0,,0,,,0,h,Maledon REBOUND (Off:0 Def:1),Rebound,Unknown,1,0,88
0022000067,119,PT02M04.00S,1,1610612760,OKC,1630177,Maledon,T. Maledon,-154,192,25,Made,1,26,26,52,h,Maledon 25' 3PT Jump Shot (3 PTS) (Diallo 1 AST),Made Shot,Jump Shot,1,3,89
0022000067,121,PT01M48.00S,1,1610612740,NOP,1628366,Ball,L. Ball,231,-11,0,Missed,1,,,0,v,MISS Ball 3PT Jump Shot,Missed Shot,Jump Shot,1,3,90
0022000067,122,PT01M45.00S,1,1610612760,OKC,1630177,Maledon,T. Maledon,0,0,0,,0,,,0,h,Maledon REBOUND (Off:0 Def:2),Rebound,Unknown,1,0,91
0022000067,123,PT01M39.00S,1,1610612760,OKC,203488,Muscala,M. Muscala,154,194,25,Missed,1,,,0,h,MISS Muscala 25' 3PT Jump Shot,Missed Shot,Jump Shot,1,3,92
0022000067,124,PT01M37.00S,1,1610612740,NOP,1627742,Ingram,B. Ingram,0,0,0,,0,,,0,v,Ingram REBOUND (Off:1 Def:2),Rebound,Unknown,1,0,93
0022000067,125,PT01M31.00S,1,1610612740,NOP,1628404,Hart,J. Hart,-186,174,25,Missed,1,,,0,v,MISS Hart 25' 3PT Jump Shot,Missed Shot,Jump Shot,1,3,94
0022000067,126,PT01M28.00S,1,1610612760,OKC,1630177,Maledon,T. Maledon,0,0,0,,0,,,0,h,Maledon REBOUND (Off:0 Def:3),Rebound,Unknown,1,0,95
0022000067,127,PT01M25.00S,1,1610612760,OKC,1628977,Diallo,H. Diallo,9,-10,1,Made,1,28,26,54,h,Diallo 1' Running Layup (2 PTS) (Maledon 1 AST),Made Shot,Running Layup Shot,1,2,96
0022000067,129,PT01M09.00S,1,1610612740,NOP,203500,Adams,S. Adams,9,12,2,Made,1,28,28,56,v,Adams 2' Cutting Layup Shot (8 PTS) (Ball 2 AST),Made Shot,Cutting Layup Shot,1,2,97
0022000067,131,PT00M55.80S,1,1610612760,OKC,1628983,Gilgeous-Alexander,S. Gilgeous-Alexander,63,45,8,Missed,1,,,0,h,MISS Gilgeous-Alexander 8' Pullup Jump Shot,Missed Shot,Pullup Jump shot,1,2,98
0022000067,132,PT00M53.60S,1,1610612760,OKC,1628983,Gilgeous-Alexander,S. Gilgeous-Alexander,0,0,0,,0,,,0,h,Gilgeous-Alexander REBOUND (Off:1 Def:0),Rebound,Unknown,1,0,99
0022000067,133,PT00M52.30S,1,1610612760,OKC,1628977,Diallo,H. Diallo,-231,-12,0,Missed,1,,,0,h,MISS Diallo 3PT Jump Shot,Missed Shot,Jump Shot,1,3,100
0022000067,134,PT00M49.90S,1,1610612740,NOP,1628366,Ball,L. Ball,0,0,0,,0,,,0,v,Ball REBOUND (Off:0 Def:3),Rebound,Unknown,1,0,101
0022000067,135,PT00M44.70S,1,1610612740,NOP,200755,Redick,J. Redick,-119,222,25,Made,1,28,31,59,v,Redick 25' 3PT Jump Shot (3 PTS) (Ball 3 AST),Made Shot,Jump Shot,1,3,102
0022000067,137,PT00M34.10S,1,1610612760,OKC,1628983,Gilgeous-Alexander,S. Gilgeous-Alexander,103,236,26,Missed,1,,,0,h,MISS Gilgeous-Alexander 26' 3PT Step Back Jump Shot,Missed Shot,Step Back Jump shot,1,3,103
0022000067,138,PT00M30.70S,1,1610612740,NOP,203500,Adams,S. Adams,0,0,0,,0,,,0,v,Adams REBOUND (Off:2 Def:2),Rebound,Unknown,1,0,104
0022000067,139,PT00M28.50S,1,1610612740,NOP,1628404,Hart,J. Hart,0,0,0,,0,,,0,v,Hart Bad Pass Turnover (P1.T2),Turnover,Bad Pass,1,0,105
0022000067,139,PT00M28.50S,1,1610612760,OKC,1628983,Gilgeous-Alexander,S. Gilgeous-Alexander,0,0,0,,0,,,0,h,Gilgeous-Alexander STEAL (1 STL),,,1,0,106
0022000067,141,PT00M21.90S,1,1610612760,OKC,1628983,Gilgeous-Alexander,S. Gilgeous-Alexander,-75,21,8,Missed,1,,,0,h,MISS Gilgeous-Alexander 8' Floating Jump Shot,Missed Shot,Floating Jump shot,1,2,107
0022000067,142,PT00M20.20S,1,1610612740,NOP,1628404,Hart,J. Hart,0,0,0,,0,,,0,v,Hart REBOUND (Off:0 Def:2),Rebound,Unknown,1,0,108
0022000067,161,PT00M00.60S,1,0,,144,,,0,0,0,,0,28,31,59,,Instant Replay1st Period (8:34 PM EST),Instant Replay,Support Ruling,0,0,109
0022000067,144,PT00M00.60S,1,1610612760,OKC,1630177,Maledon,T. Maledon,0,0,0,,0,,,0,h,Maledon S.FOUL (P1.T4) (J.Goble),Foul,Shooting,1,0,110
0022000067,146,PT00M00.60S,1,1610612740,NOP,1628404,Hart,J. Hart,0,0,0,,0,,,0,v,MISS Hart Free Throw 1 of 2,Free Throw,Free Throw 1 of 2,1,0,111
0022000067,147,PT00M00.60S,1,0,,1610612740,,,0,0,0,,0,,,0,v,Pelicans Rebound,Rebound,Normal Rebound,0,0,112
0022000067,148,PT00M00.60S,1,1610612760,OKC,1628983,Gilgeous-Alexander,S. Gilgeous-Alexander,0,0,0,,0,,,0,h,SUB: Brown FOR Gilgeous-Alexander,Substitution,,0,0,113
0022000067,149,PT00M00.60S,1,1610612760,OKC,1629647,Bazley,D. Bazley,0,0,0,,0,,,0,h,SUB: Pokusevski FOR Bazley,Substitution,,0,0,114
0022000067,150,PT00M00.60S,1,1610612760,OKC,1630177,Maledon,T. Maledon,0,0,0,,0,,,0,h,SUB: Roby FOR Maledon,Substitution,,0,0,115
0022000067,151,PT00M00.60S,1,1610612740,NOP,1628366,Ball,L. Ball,0,0,0,,0,,,0,v,SUB: Alexander-Walker FOR Ball,Substitution,,0,0,116
0022000067,152,PT00M00.60S,1,1610612740,NOP,203500,Adams,S. Adams,0,0,0,,0,,,0,v,SUB: Williamson FOR Adams,Substitution,,0,0,117
0022000067,153,PT00M00.60S,1,1610612740,NOP,1627742,Ingram,B. Ingram,0,0,0,,0,,,0,v,SUB: Bledsoe FOR Ingram,Substitution,,0,0,118
0022000067,160,PT00M00.60S,1,1610612740,NOP,1628404,Hart,J. Hart,0,0,0,,0,28,32,60,v,Hart Free Throw 2 of 2 (1 PTS),Free Throw,Free Throw 2 of 2,1,0,119
0022000067,162,PT00M00.00S,1,0,,0,,,0,0,0,,0,28,32,60,,End of 1st Period (8:38 PM EST),period,end,1,0,120
0022000067,165,PT12M00.00S,2,0,,0,,,0,0,0,,0,28,32,60,,Start of 2nd Period (8:39 PM EST),period,start,0,0,121
0022000067,166,PT11M35.00S,2,1610612760,OKC,203488,Muscala,M. Muscala,-11,1,1,Made,1,30,32,62,h,Muscala 1' Turnaround Bank Hook Shot (2 PTS) (Diallo 2 AST),Made Shot,Turnaround Bank Hook Shot,1,2,122
0022000067,167,PT11M20.00S,2,1610612740,NOP,200755,Redick,J. Redick,-198,158,25,Missed,1,,,0,v,MISS Redick 25' 3PT Jump Shot,Missed Shot,Jump Shot,1,3,123
0022000067,168,PT11M17.00S,2,1610612760,OKC,1630177,Maledon,T. Maledon,0,0,0,,0,,,0,h,Maledon REBOUND (Off:0 Def:4),Rebound,Unknown,1,0,124
0022000067,169,PT11M13.00S,2,1610612760,OKC,203488,Muscala,M. Muscala,-190,143,24,Missed,1,,,0,h,MISS Muscala 24' 3PT Running Jump Shot,Missed Shot,Running Jump Shot,1,3,125
0022000067,170,PT11M11.00S,2,1610612740,NOP,1628404,Hart,J. Hart,0,0,0,,0,,,0,v,Hart REBOUND (Off:0 Def:3),Rebound,Unknown,1,0,126
0022000067,171,PT11M04.00S,2,1610612740,NOP,1629638,Alexander-Walker,N. Alexander-Walker,0,0,0,,0,,,0,v,Alexander-Walker Traveling Turnover (P1.T3),Turnover,Traveling,1,0,127
0022000067,172,PT10M49.00S,2,1610612760,OKC,203488,Muscala,M. Muscala,-134,213,25,Made,1,33,32,65,h,Muscala 25' 3PT Jump Shot (5 PTS) (Pokusevski 1 AST),Made Shot,Jump Shot,1,3,128
0022000067,174,PT10M39.00S,2,1610612740,NOP,202339,Bledsoe,E. Bledsoe,8,15,2,Made,1,33,34,67,v,Bledsoe 2' Driving Layup (4 PTS),Made Shot,Driving Layup Shot,1,2,129
0022000067,175,PT10M39.00S,2,1610612760,OKC,1629676,Roby,I. Roby,0,0,0,,0,,,0,h,Roby S.FOUL (P1.T1) (B.Adair),Foul,Shooting,1,0,130
0022000067,177,PT10M39.00S,2,1610612740,NOP,202339,Bledsoe,E. Bledsoe,0,0,0,,0,33,35,68,v,Bledsoe Free Throw 1 of 1 (5 PTS),Free Throw,Free Throw 1 of 1,1,0,131
0022000067,178,PT10M27.00S,2,1610612760,OKC,1630177,Maledon,T. Maledon,-81,227,24,Missed,1,,,0,h,MISS Maledon 24' 3PT Step Back Jump Shot,Missed Shot,Step Back Jump shot,1,3,132
0022000067,179,PT10M25.00S,2,1610612760,OKC,1629676,Roby,I. Roby,0,0,0,,0,,,0,h,Roby REBOUND (Off:1 Def:0),Rebound,Unknown,1,0,133
0022000067,180,PT10M25.00S,2,1610612740,NOP,1629627,Williamson,Z. Williamson,0,0,0,,0,,,0,v,Williamson S.FOUL (P1.T1) (B.Adair),Foul,Shooting,1,0,134
0022000067,183,PT10M25.00S,2,1610612760,OKC,1629676,Roby,I. Roby,0,0,0,,0,,,0,h,MISS Roby Free Throw 1 of 2,Free Throw,Free Throw 1 of 2,1,0,135
0022000067,184,PT10M25.00S,2,0,,1610612760,,,0,0,0,,0,,,0,h,THUNDER Rebound,Rebound,Normal Rebound,0,0,136
0022000067,185,PT10M25.00S,2,1610612760,OKC,1629676,Roby,I. Roby,0,0,0,,0,34,35,69,h,Roby Free Throw 2 of 2 (1 PTS),Free Throw,Free Throw 2 of 2,1,0,137
0022000067,186,PT10M16.00S,2,1610612740,NOP,202339,Bledsoe,E. Bledsoe,-7,7,1,Made,1,34,37,71,v,Bledsoe 1' Driving Layup (7 PTS),Made Shot,Driving Layup Shot,1,2,138
0022000067,187,PT10M07.00S,2,1610612760,OKC,1629676,Roby,I. Roby,-71,234,24,Missed,1,,,0,h,MISS Roby 24' 3PT Jump Shot,Missed Shot,Jump Shot,1,3,139
0022000067,188,PT10M04.00S,2,1610612740,NOP,202339,Bledsoe,E. Bledsoe,0,0,0,,0,,,0,v,Bledsoe REBOUND (Off:0 Def:2),Rebound,Unknown,1,0,140
0022000067,189,PT09M54.00S,2,1610612740,NOP,1629638,Alexander-Walker,N. Alexander-Walker,227,73,24,Missed,1,,,0,v,MISS Alexander-Walker 24' 3PT Jump Shot,Missed Shot,Jump Shot,1,3,141
0022000067,190,PT09M50.00S,2,1610612740,NOP,1629627,Williamson,Z. Williamson,0,0,0,,0,,,0,v,Williamson REBOUND (Off:3 Def:0),Rebound,Unknown,1,0,142
0022000067,191,PT09M50.00S,2,1610612740,NOP,1629627,Williamson,Z. Williamson,0,0,0,,0,,,0,v,Williamson OFF.Foul (P2) (J.Sterling),Foul,Offensive,1,0,143
0022000067,193,PT09M50.00S,2,1610612740,NOP,1629627,Williamson,Z. Williamson,0,0,0,,0,,,0,v,Williamson Offensive Foul Turnover (P1.T4),Turnover,Offensive Foul Turnover,1,0,144
0022000067,194,PT09M42.00S,2,1610612760,OKC,1630197,Pokusevski,A. Pokusevski,0,0,0,,0,,,0,h,Pokusevski Bad Pass Turnover (P1.T6),Turnover,Bad Pass,1,0,145
0022000067,194,PT09M42.00S,2,1610612740,NOP,1629638,Alexander-Walker,N. Alexander-Walker,0,0,0,,0,,,0,v,Alexander-Walker STEAL (1 STL),,,1,0,146
0022000067,196,PT09M37.00S,2,1610612740,NOP,1629638,Alexander-Walker,N. Alexander-Walker,8,13,2,Made,1,34,39,73,v,Alexander-Walker 2' Running Reverse Layup (2 PTS),Made Shot,Running Reverse Layup Shot,1,2,147
0022000067,197,PT09M37.00S,2,0,,1610612760,,,0,0,0,,0,,,0,h,THUNDER Timeout: Regular (Full 2 Short 0),Timeout,Regular,0,0,148
0022000067,198,PT09M37.00S,2,1610612740,NOP,1629627,Williamson,Z. Williamson,0,0,0,,0,,,0,v,SUB: Hayes FOR Williamson,Substitution,,0,0,149
0022000067,200,PT09M24.00S,2,1610612760,OKC,1628977,Diallo,H. Diallo,-78,21,8,Missed,1,,,0,h,MISS Diallo 8' Pullup Jump Shot,Missed Shot,Pullup Jump shot,1,2,150
0022000067,201,PT09M21.00S,2,1610612740,NOP,1628404,Hart,J. Hart,0,0,0,,0,,,0,v,Hart REBOUND (Off:0 Def:4),Rebound,Unknown,1,0,151
0022000067,202,PT09M15.00S,2,1610612740,NOP,1629638,Alexander-Walker,N. Alexander-Walker,-24,16,3,Made,1,34,41,75,v,Alexander-Walker 3' Driving Layup (4 PTS) (Hart 2 AST),Made Shot,Driving Layup Shot,1,2,152
0022000067,204,PT08M59.00S,2,1610612760,OKC,1630197,Pokusevski,A. Pokusevski,0,0,0,,0,,,0,h,Pokusevski Traveling Turnover (P2.T7),Turnover,Traveling,1,0,153
0022000067,205,PT08M47.00S,2,1610612740,NOP,1629638,Alexander-Walker,N. Alexander-Walker,96,204,23,Missed,1,,,0,v,MISS Alexander-Walker 23' Step Back Jump Shot,Missed Shot,Step Back Jump shot,1,2,154
0022000067,206,PT08M45.00S,2,1610612760,OKC,1629676,Roby,I. Roby,0,0,0,,0,,,0,h,Roby REBOUND (Off:1 Def:1),Rebound,Unknown,1,0,155
0022000067,207,PT08M21.00S,2,1610612760,OKC,1630177,Maledon,T. Maledon,158,197,25,Missed,1,,,0,h,MISS Maledon 25' 3PT Pullup Jump Shot,Missed Shot,Pullup Jump shot,1,3,156
0022000067,208,PT08M18.00S,2,1610612740,NOP,1628404,Hart,J. Hart,0,0,0,,0,,,0,v,Hart REBOUND (Off:0 Def:5),Rebound,Unknown,1,0,157
0022000067,209,PT07M55.00S,2,1610612740,NOP,1629638,Alexander-Walker,N. Alexander-Walker,0,0,0,,0,,,0,v,Alexander-Walker Bad Pass Turnover (P2.T5),Turnover,Bad Pass,1,0,158
0022000067,209,PT07M55.00S,2,1610612760,OKC,1630197,Pokusevski,A. Pokusevski,0,0,0,,0,,,0,h,Pokusevski STEAL (1 STL),,,1,0,159
0022000067,211,PT07M38.00S,2,1610612760,OKC,1629676,Roby,I. Roby,-4,0,0,Made,1,36,41,77,h,Roby Dunk (3 PTS) (Pokusevski 2 AST),Made Shot,Dunk Shot,1,2,160
0022000067,213,PT07M26.00S,2,1610612740,NOP,202339,Bledsoe,E. Bledsoe,10,10,1,Made,1,36,43,79,v,Bledsoe 1' Driving Layup (9 PTS),Made Shot,Driving Layup Shot,1,2,161
0022000067,214,PT07M15.00S,2,1610612760,OKC,1628977,Diallo,H. Diallo,163,198,26,Missed,1,,,0,h,MISS Diallo 26' 3PT Jump Shot,Missed Shot,Jump Shot,1,3,162
0022000067,215,PT07M09.00S,2,1610612740,NOP,1629638,Alexander-Walker,N. Alexander-Walker,0,0,0,,0,,,0,v,Alexander-Walker REBOUND (Off:0 Def:1),Rebound,Unknown,1,0,163
0022000067,216,PT06M57.00S,2,1610612740,NOP,200755,Redick,J. Redick,-176,170,24,Missed,1,,,0,v,MISS Redick 24' 3PT Pullup Jump Shot,Missed Shot,Pullup Jump shot,1,3,164
0022000067,217,PT06M55.00S,2,1610612760,OKC,1630197,Pokusevski,A. Pokusevski,0,0,0,,0,,,0,h,Pokusevski REBOUND (Off:0 Def:1),Rebound,Unknown,1,0,165
0022000067,218,PT06M50.00S,2,1610612760,OKC,1630197,Pokusevski,A. Pokusevski,0,0,0,,0,,,0,h,Pokusevski Out of Bounds - Bad Pass Turnover Turnover (P3.T8),Turnover,Out of Bounds - Bad Pass Turnover,1,0,166
0022000067,219,PT06M50.00S,2,1610612760,OKC,1628977,Diallo,H. Diallo,0,0,0,,0,,,0,h,SUB: Dort FOR Diallo,Substitution,,0,0,167
0022000067,221,PT06M34.00S,2,1610612740,NOP,202339,Bledsoe,E. Bledsoe,165,185,25,Missed,1,,,0,v,MISS Bledsoe 25' 3PT Jump Shot,Missed Shot,Jump Shot,1,3,168
0022000067,222,PT06M31.00S,2,1610612760,OKC,1630197,Pokusevski,A. Pokusevski,0,0,0,,0,,,0,h,Pokusevski REBOUND (Off:0 Def:2),Rebound,Unknown,1,0,169
0022000067,223,PT06M25.00S,2,1610612760,OKC,1630197,Pokusevski,A. Pokusevski,-156,206,26,Made,1,39,43,82,h,Pokusevski 26' 3PT Jump Shot (3 PTS) (Dort 1 AST),Made Shot,Jump Shot,1,3,170
0022000067,225,PT06M13.00S,2,1610612760,OKC,1629652,Dort,L. Dort,0,0,0,,0,,,0,h,Dort P.FOUL (P3.T2) (B.Adair),Foul,Personal,1,0,171
0022000067,227,PT06M13.00S,2,1610612740,NOP,200755,Redick,J. Redick,0,0,0,,0,,,0,v,SUB: Melli FOR Redick,Substitution,,0,0,172
0022000067,229,PT06M13.00S,2,1610612760,OKC,1629652,Dort,L. Dort,0,0,0,,0,,,0,h,SUB: Gilgeous-Alexander FOR Dort,Substitution,,0,0,173
0022000067,231,PT06M08.00S,2,1610612740,NOP,202339,Bledsoe,E. Bledsoe,-161,191,25,Made,1,39,46,85,v,Bledsoe 25' 3PT Pullup Jump Shot (12 PTS),Made Shot,Pullup Jump shot,1,3,174
0022000067,232,PT05M55.00S,2,1610612760,OKC,1628983,Gilgeous-Alexander,S. Gilgeous-Alexander,225,17,0,Missed,1,,,0,h,MISS Gilgeous-Alexander 3PT Jump Shot,Missed Shot,Jump Shot,1,3,175
0022000067,233,PT05M51.00S,2,1610612740,NOP,1628404,Hart,J. Hart,0,0,0,,0,,,0,v,Hart REBOUND (Off:0 Def:6),Rebound,Unknown,1,0,176
0022000067,234,PT05M43.00S,2,1610612740,NOP,1629637,Hayes,J. Hayes,14,26,3,Missed,1,,,0,v,MISS Hayes 3' Cutting Layup Shot,Missed Shot,Cutting Layup Shot,1,2,177
0022000067,236,PT05M40.00S,2,1610612760,OKC,1629676,Roby,I. Roby,0,0,0,,0,,,0,h,Roby REBOUND (Off:1 Def:2),Rebound,Unknown,1,0,178
0022000067,237,PT05M36.00S,2,1610612760,OKC,1630177,Maledon,T. Maledon,121,222,25,Made,1,42,46,88,h,Maledon 25' 3PT Jump Shot (6 PTS) (Gilgeous-Alexander 2 AST),Made Shot,Jump Shot,1,3,179
0022000067,239,PT05M24.00S,2,1610612740,NOP,202339,Bledsoe,E. Bledsoe,-109,228,25,Missed,1,,,0,v,MISS Bledsoe 25' 3PT Pullup Jump Shot,Missed Shot,Pullup Jump shot,1,3,180
0022000067,240,PT05M21.00S,2,1610612740,NOP,1629637,Hayes,J. Hayes,0,0,0,,0,,,0,v,Hayes REBOUND (Off:1 Def:0),Rebound,Unknown,1,0,181
0022000067,241,PT05M20.00S,2,1610612740,NOP,1629638,Alexander-Walker,N. Alexander-Walker,-191,173,26,Made,1,42,49,91,v,Alexander-Walker 26' 3PT Jump Shot (7 PTS) (Hayes 1 AST),Made Shot,Jump Shot,1,3,182
0022000067,243,PT05M06.00S,2,1610612760,OKC,1628983,Gilgeous-Alexander,S. Gilgeous-Alexander,-68,21,7,Missed,1,,,0,h,MISS Gilgeous-Alexander 7' Floating Jump Shot,Missed Shot,Floating Jump shot,1,2,183
0022000067,244,PT05M04.00S,2,1610612740,NOP,1629638,Alexander-Walker,N. Alexander-Walker,0,0,0,,0,,,0,v,Alexander-Walker REBOUND (Off:0 Def:2),Rebound,Unknown,1,0,184
0022000067,245,PT05M01.00S,2,1610612740,NOP,1629638,Alexander-Walker,N. Alexander-Walker,-18,11,2,Missed,1,,,0,v,MISS Alexander-Walker 2' Driving Layup,Missed Shot,Driving Layup Shot,1,2,185
0022000067,245,PT05M01.00S,2,1610612760,OKC,1630197,Pokusevski,A. Pokusevski,0,0,0,,0,,,0,h,Pokusevski BLOCK (1 BLK),,,1,2,186
0022000067,247,PT05M01.00S,2,0,,1610612740,,,0,0,0,,0,,,0,v,Pelicans Rebound,Rebound,Unknown,0,0,187
0022000067,249,PT05M01.00S,2,1610612760,OKC,1630197,Pokusevski,A. Pokusevski,0,0,0,,0,,,0,h,SUB: G. Hill FOR Pokusevski,Substitution,,0,0,188
0022000067,250,PT05M01.00S,2,1610612760,OKC,1629676,Roby,I. Roby,0,0,0,,0,,,0,h,SUB: Horford FOR Roby,Substitution,,0,0,189
0022000067,251,PT05M01.00S,2,1610612760,OKC,203488,Muscala,M. Muscala,0,0,0,,0,,,0,h,SUB: Bazley FOR Muscala,Substitution,,0,0,190
0022000067,252,PT05M01.00S,2,1610612740,NOP,202339,Bledsoe,E. Bledsoe,0,0,0,,0,,,0,v,SUB: Ball FOR Bledsoe,Substitution,,0,0,191
0022000067,253,PT05M01.00S,2,1610612740,NOP,1629638,Alexander-Walker,N. Alexander-Walker,0,0,0,,0,,,0,v,SUB: Adams FOR Alexander-Walker,Substitution,,0,0,192
0022000067,254,PT05M01.00S,2,1610612740,NOP,1629637,Hayes,J. Hayes,0,0,0,,0,,,0,v,SUB: Ingram FOR Hayes,Substitution,,0,0,193
0022000067,261,PT04M46.00S,2,1610612740,NOP,1627742,Ingram,B. Ingram,15,13,2,Missed,1,,,0,v,MISS Ingram 2' Driving Reverse Layup,Missed Shot,Driving Reverse Layup Shot,1,2,194
0022000067,262,PT04M43.00S,2,1610612760,OKC,1628983,Gilgeous-Alexander,S. Gilgeous-Alexander,0,0,0,,0,,,0,h,Gilgeous-Alexander REBOUND (Off:1 Def:1),Rebound,Unknown,1,0,195
0022000067,263,PT04M39.00S,2,1610612760,OKC,1630177,Maledon,T. Maledon,137,203,24,Missed,1,,,0,h,MISS Maledon 24' 3PT Running Jump Shot,Missed Shot,Running Jump Shot,1,3,196
0022000067,264,PT04M37.00S,2,1610612740,NOP,1628366,Ball,L. Ball,0,0,0,,0,,,0,v,Ball REBOUND (Off:0 Def:4),Rebound,Unknown,1,0,197
0022000067,265,PT04M35.00S,2,1610612740,NOP,1628366,Ball,L. Ball,0,0,0,,0,,,0,v,Ball Out of Bounds - Bad Pass Turnover Turnover (P2.T6),Turnover,Out of Bounds - Bad Pass Turnover,1,0,198
0022000067,266,PT04M11.00S,2,1610612760,OKC,201143,Horford,A. Horford,63,257,26,Made,1,45,49,94,h,Horford 26' 3PT Jump Shot (9 PTS) (G. Hill 3 AST),Made Shot,Jump Shot,1,3,199
0022000067,269,PT03M44.00S,2,1610612740,NOP,1627742,Ingram,B. Ingram,58,209,22,Made,1,45,51,96,v,Ingram 22' Pullup Jump Shot (8 PTS),Made Shot,Pullup Jump shot,1,2,200
0022000067,270,PT03M28.00S,2,1610612760,OKC,1628983,Gilgeous-Alexander,S. Gilgeous-Alexander,9,10,1,Made,1,47,51,98,h,Gilgeous-Alexander 1' Driving Finger Roll Layup (5 PTS),Made Shot,Driving Finger Roll Layup Shot,1,2,201
0022000067,271,PT03M22.00S,2,0,,1610612740,,,0,0,0,,0,,,0,v,Pelicans Timeout: Regular (Reg.2 Short 0),Timeout,Regular,0,0,202
0022000067,272,PT03M14.00S,2,1610612760,OKC,1628983,Gilgeous-Alexander,S. Gilgeous-Alexander,0,0,0,,0,,,0,h,Gilgeous-Alexander P.FOUL (P1.T3) (J.Sterling),Foul,Personal,1,0,203
0022000067,274,PT03M07.00S,2,1610612740,NOP,1628366,Ball,L. Ball,-43,146,15,Missed,1,,,0,v,MISS Ball 15' Pullup Jump Shot,Missed Shot,Pullup Jump shot,1,2,204
0022000067,275,PT03M05.00S,2,1610612760,OKC,1629647,Bazley,D. Bazley,0,0,0,,0,,,0,h,Bazley REBOUND (Off:1 Def:1),Rebound,Unknown,1,0,205
0022000067,276,PT02M54.00S,2,1610612760,OKC,1628983,Gilgeous-Alexander,S. Gilgeous-Alexander,0,0,0,,0,,,0,h,Gilgeous-Alexander Bad Pass Turnover (P1.T9),Turnover,Bad Pass,1,0,206
0022000067,276,PT02M54.00S,2,1610612740,NOP,1629740,Melli,N. Melli,0,0,0,,0,,,0,v,Melli STEAL (1 STL),,,1,0,207
0022000067,278,PT02M48.00S,2,1610612740,NOP,1628404,Hart,J. Hart,225,7,0,Missed,1,,,0,v,MISS Hart 3PT Jump Shot,Missed Shot,Jump Shot,1,3,208
0022000067,279,PT02M46.00S,2,1610612760,OKC,1630177,Maledon,T. Maledon,0,0,0,,0,,,0,h,Maledon REBOUND (Off:0 Def:5),Rebound,Unknown,1,0,209
0022000067,280,PT02M32.00S,2,1610612760,OKC,1630177,Maledon,T. Maledon,-36,6,4,Missed,1,,,0,h,MISS Maledon 4' Driving Finger Roll Layup,Missed Shot,Driving Finger Roll Layup Shot,1,2,210
0022000067,281,PT02M30.00S,2,1610612740,NOP,1627742,Ingram,B. Ingram,0,0,0,,0,,,0,v,Ingram REBOUND (Off:1 Def:3),Rebound,Unknown,1,0,211
0022000067,282,PT02M19.00S,2,1610612740,NOP,1627742,Ingram,B. Ingram,-13,13,2,Made,1,47,53,100,v,Ingram 2' Driving Layup (10 PTS),Made Shot,Driving Layup Shot,1,2,212
0022000067,283,PT01M55.00S,2,1610612760,OKC,1628983,Gilgeous-Alexander,S. Gilgeous-Alexander,-149,203,25,Missed,1,,,0,h,MISS Gilgeous-Alexander 25' 3PT Step Back Jump Shot,Missed Shot,Step Back Jump shot,1,3,213
0022000067,284,PT01M53.00S,2,1610612740,NOP,203500,Adams,S. Adams,0,0,0,,0,,,0,v,Adams REBOUND (Off:2 Def:3),Rebound,Unknown,1,0,214
0022000067,285,PT01M35.00S,2,1610612760,OKC,201588,Hill,G. Hill,0,0,0,,0,,,0,h,G. Hill P.FOUL (P1.T4) (J.Goble),Foul,Personal,1,0,215
0022000067,287,PT01M35.00S,2,1610612760,OKC,1630177,Maledon,T. Maledon,0,0,0,,0,,,0,h,SUB: Williams FOR Maledon,Substitution,,0,0,216
0022000067,289,PT01M24.00S,2,1610612740,NOP,1627742,Ingram,B. Ingram,42,149,15,Made,1,47,55,102,v,Ingram 15' Pullup Jump Shot (12 PTS),Made Shot,Pullup Jump shot,1,2,217
0022000067,290,PT01M03.00S,2,1610612760,OKC,201143,Horford,A. Horford,6,242,24,Missed,1,,,0,h,MISS Horford 24' 3PT Jump Shot,Missed Shot,Jump Shot,1,3,218
0022000067,291,PT01M00.00S,2,1610612740,NOP,1627742,Ingram,B. Ingram,0,0,0,,0,,,0,v,Ingram REBOUND (Off:1 Def:4),Rebound,Unknown,1,0,219
0022000067,292,PT00M53.60S,2,1610612740,NOP,1629740,Melli,N. Melli,-171,191,26,Missed,1,,,0,v,MISS Melli 26' 3PT Jump Shot,Missed Shot,Jump Shot,1,3,220
0022000067,293,PT00M50.70S,2,1610612760,OKC,1629647,Bazley,D. Bazley,0,0,0,,0,,,0,h,Bazley REBOUND (Off:1 Def:2),Rebound,Unknown,1,0,221
0022000067,294,PT00M44.90S,2,1610612760,OKC,1629647,Bazley,D. Bazley,0,0,0,,0,,,0,h,Bazley OFF.Foul (P1) (J.Sterling),Foul,Offensive,1,0,222
0022000067,296,PT00M44.90S,2,1610612760,OKC,1629647,Bazley,D. Bazley,0,0,0,,0,,,0,h,Bazley Offensive Foul Turnover (P3.T10),Turnover,Offensive Foul Turnover,1,0,223
0022000067,297,PT00M20.90S,2,1610612740,NOP,1628404,Hart,J. Hart,-164,196,26,Made,1,47,58,105,v,Hart 26' 3PT Jump Shot (4 PTS) (Melli 1 AST),Made Shot,Jump Shot,1,3,224
0022000067,299,PT00M00.00S,2,1610612760,OKC,1629026,Williams,K. Williams,-10,45,5,Missed,1,,,0,h,MISS Williams 5' Driving Floating Jump Shot,Missed Shot,Driving Floating Jump Shot,1,2,225
0022000067,299,PT00M00.00S,2,1610612740,NOP,1627742,Ingram,B. Ingram,0,0,0,,0,,,0,v,Ingram BLOCK (1 BLK),,,1,2,226
0022000067,301,PT00M00.00S,2,0,,1610612760,,,0,0,0,,0,,,0,h,THUNDER Rebound,Rebound,Unknown,0,0,227
0022000067,302,PT00M00.00S,2,0,,0,,,0,0,0,,0,47,58,105,,End of 2nd Period (9:03 PM EST),period,end,1,0,228
0022000067,309,PT12M00.00S,3,0,,0,,,0,0,0,,0,47,58,105,,Start of 3rd Period (9:18 PM EST),period,start,0,0,229
0022000067,310,PT11M47.00S,3,1610612760,OKC,201588,Hill,G. Hill,24,27,4,Made,1,49,58,107,h,G. Hill 4' Driving Layup (8 PTS) (Horford 2 AST),Made Shot,Driving Layup Shot,1,2,230
0022000067,311,PT11M36.00S,3,1610612740,NOP,1627742,Ingram,B. Ingram,-237,-4,24,Missed,1,,,0,v,MISS Ingram 24' 3PT Jump Shot,Missed Shot,Jump Shot,1,3,231
0022000067,312,PT11M36.00S,3,1610612740,NOP,1629627,Williamson,Z. Williamson,0,0,0,,0,,,0,v,Williamson REBOUND (Off:4 Def:0),Rebound,Unknown,1,0,232
0022000067,313,PT11M25.00S,3,1610612740,NOP,1627742,Ingram,B. Ingram,-220,98,24,Missed,1,,,0,v,MISS Ingram 24' 3PT Jump Shot,Missed Shot,Jump Shot,1,3,233
0022000067,314,PT11M23.00S,3,1610612760,OKC,1628983,Gilgeous-Alexander,S. Gilgeous-Alexander,0,0,0,,0,,,0,h,Gilgeous-Alexander REBOUND (Off:1 Def:2),Rebound,Unknown,1,0,234
0022000067,315,PT11M11.00S,3,1610612760,OKC,201588,Hill,G. Hill,-3,112,11,Missed,1,,,0,h,MISS G. Hill 11' Turnaround Fadeaway Shot,Missed Shot,Turnaround Fadeaway shot,1,2,235
0022000067,316,PT11M08.00S,3,1610612740,NOP,1627742,Ingram,B. Ingram,0,0,0,,0,,,0,v,Ingram REBOUND (Off:1 Def:5),Rebound,Unknown,1,0,236
0022000067,317,PT10M57.00S,3,1610612740,NOP,1629627,Williamson,Z. Williamson,6,10,1,Made,1,49,60,109,v,Williamson 1' Layup (7 PTS) (Adams 1 AST),Made Shot,Layup Shot,1,2,237
0022000067,319,PT10M41.00S,3,1610612760,OKC,201143,Horford,A. Horford,6,11,1,Made,1,51,60,111,h,Horford 1' Alley Oop Layup (11 PTS) (Gilgeous-Alexander 3 AST),Made Shot,Alley Oop Layup shot,1,2,238
0022000067,321,PT10M35.00S,3,1610612740,NOP,1629627,Williamson,Z. Williamson,-10,-5,1,Made,1,51,62,113,v,Williamson 1' Alley Oop Dunk (9 PTS) (Ball 4 AST),Made Shot,Alley Oop Dunk Shot,1,2,239
0022000067,323,PT10M35.00S,3,0,,1610612760,,,0,0,0,,0,,,0,h,THUNDER Timeout: Regular (Full 3 Short 0),Timeout,Regular,0,0,240
0022000067,325,PT10M14.00S,3,1610612740,NOP,1628366,Ball,L. Ball,0,0,0,,0,,,0,v,Ball P.FOUL (P1.T1) (J.Sterling),Foul,Personal,1,0,241
0022000067,327,PT10M00.00S,3,1610612760,OKC,1628983,Gilgeous-Alexander,S. Gilgeous-Alexander,209,169,27,Made,1,54,62,116,h,Gilgeous-Alexander 27' 3PT Step Back Jump Shot (8 PTS),Made Shot,Step Back Jump shot,1,3,242
0022000067,328,PT09M40.00S,3,1610612740,NOP,1629627,Williamson,Z. Williamson,-14,-2,1,Missed,1,,,0,v,MISS Williamson 1' Layup,Missed Shot,Layup Shot,1,2,243
0022000067,328,PT09M40.00S,3,1610612760,OKC,1629647,Bazley,D. Bazley,0,0,0,,0,,,0,h,Bazley BLOCK (1 BLK),,,1,2,244
0022000067,331,PT09M38.00S,3,1610612760,OKC,1628983,Gilgeous-Alexander,S. Gilgeous-Alexander,0,0,0,,0,,,0,h,Gilgeous-Alexander REBOUND (Off:1 Def:3),Rebound,Unknown,1,0,245
0022000067,329,PT09M35.00S,3,1610612760,OKC,201143,Horford,A. Horford,9,16,2,Made,1,56,62,118,h,Horford 2' Running Dunk (13 PTS) (Gilgeous-Alexander 4 AST),Made Shot,Running Dunk Shot,1,2,246
0022000067,334,PT09M11.00S,3,1610612760,OKC,1629647,Bazley,D. Bazley,0,0,0,,0,,,0,h,Bazley S.FOUL (P2.T1) (J.Sterling),Foul,Shooting,1,0,247
0022000067,336,PT09M11.00S,3,1610612740,NOP,1629627,Williamson,Z. Williamson,0,0,0,,0,56,63,119,v,Williamson Free Throw 1 of 2 (10 PTS),Free Throw,Free Throw 1 of 2,1,0,248
0022000067,337,PT09M11.00S,3,1610612740,NOP,1629627,Williamson,Z. Williamson,0,0,0,,0,,,0,v,MISS Williamson Free Throw 2 of 2,Free Throw,Free Throw 2 of 2,1,0,249
0022000067,338,PT09M10.00S,3,1610612740,NOP,203500,Adams,S. Adams,0,0,0,,0,,,0,v,Adams REBOUND (Off:3 Def:3),Rebound,Unknown,1,0,250
0022000067,376,PT09M10.00S,3,1610612740,NOP,203500,Adams,S. Adams,-25,15,3,Missed,1,,,0,v,MISS Adams 3' Tip Layup Shot,Missed Shot,Tip Layup Shot,1,2,251
0022000067,377,PT09M08.00S,3,1610612760,OKC,1629652,Dort,L. Dort,0,0,0,,0,,,0,h,Dort REBOUND (Off:0 Def:1),Rebound,Unknown,1,0,252
0022000067,339,PT08M56.00S,3,1610612760,OKC,1629652,Dort,L. Dort,-7,-1,1,Missed,1,,,0,h,MISS Dort 1' Layup,Missed Shot,Layup Shot,1,2,253
0022000067,339,PT08M56.00S,3,1610612740,NOP,203500,Adams,S. Adams,0,0,0,,0,,,0,v,Adams BLOCK (1 BLK),,,1,2,254
0022000067,341,PT08M53.00S,3,1610612760,OKC,1629652,Dort,L. Dort,0,0,0,,0,,,0,h,Dort REBOUND (Off:1 Def:1),Rebound,Unknown,1,0,255
0022000067,342,PT08M53.00S,3,1610612760,OKC,1629652,Dort,L. Dort,2,12,1,Missed,1,,,0,h,MISS Dort 1' Putback Layup,Missed Shot,Putback Layup Shot,1,2,256
0022000067,343,PT08M52.00S,3,0,,1610612740,,,0,0,0,,0,,,0,v,Pelicans Rebound,Rebound,Unknown,0,0,257
0022000067,345,PT08M37.00S,3,1610612740,NOP,1627742,Ingram,B. Ingram,-71,114,13,Made,1,56,65,121,v,Ingram 13' Pullup Jump Shot (14 PTS),Made Shot,Pullup Jump shot,1,2,258
0022000067,346,PT08M22.00S,3,1610612760,OKC,201588,Hill,G. Hill,134,225,26,Missed,1,,,0,h,MISS G. Hill 26' 3PT Pullup Jump Shot,Missed Shot,Pullup Jump shot,1,3,259
0022000067,347,PT08M17.00S,3,1610612760,OKC,201143,Horford,A. Horford,0,0,0,,0,,,0,h,Horford REBOUND (Off:1 Def:3),Rebound,Unknown,1,0,260
0022000067,348,PT08M17.00S,3,1610612760,OKC,201143,Horford,A. Horford,0,0,0,Made,1,58,65,123,h,Horford Tip Dunk Shot (15 PTS),Made Shot,Tip Dunk Shot,1,2,261
0022000067,349,PT08M12.00S,3,1610612740,NOP,203500,Adams,S. Adams,-5,8,1,Made,1,58,67,125,v,Adams 1' Layup (10 PTS) (Ball 5 AST),Made Shot,Layup Shot,1,2,262
0022000067,351,PT07M49.00S,3,1610612760,OKC,1629652,Dort,L. Dort,227,54,0,Missed,1,,,0,h,MISS Dort 3PT Jump Shot,Missed Shot,Jump Shot,1,3,263
0022000067,352,PT07M46.00S,3,1610612740,NOP,203500,Adams,S. Adams,0,0,0,,0,,,0,v,Adams REBOUND (Off:3 Def:4),Rebound,Unknown,1,0,264
0022000067,353,PT07M41.00S,3,1610612740,NOP,1629627,Williamson,Z. Williamson,0,0,0,,0,,,0,v,Williamson OFF.Foul (P3) (J.Goble),Foul,Offensive,1,0,265
0022000067,355,PT07M41.00S,3,1610612740,NOP,1629627,Williamson,Z. Williamson,0,0,0,,0,,,0,v,Williamson Offensive Foul Turnover (P2.T7),Turnover,Offensive Foul Turnover,1,0,266
0022000067,357,PT07M25.00S,3,1610612740,NOP,1629627,Williamson,Z. Williamson,0,0,0,,0,,,0,v,Williamson P.FOUL (P4.T2) (B.Adair),Foul,Personal,1,0,267
0022000067,359,PT07M25.00S,3,1610612740,NOP,1629627,Williamson,Z. Williamson,0,0,0,,0,,,0,v,SUB: Hart FOR Williamson,Substitution,,0,0,268
0022000067,361,PT07M12.00S,3,1610612760,OKC,1628983,Gilgeous-Alexander,S. Gilgeous-Alexander,-22,267,27,Missed,1,,,0,h,MISS Gilgeous-Alexander 27' 3PT Jump Shot,Missed Shot,Jump Shot,1,3,269
0022000067,362,PT07M08.00S,3,1610612740,NOP,1627742,Ingram,B. Ingram,0,0,0,,0,,,0,v,Ingram REBOUND (Off:1 Def:6),Rebound,Unknown,1,0,270
0022000067,363,PT06M56.00S,3,1610612740,NOP,203500,Adams,S. Adams,-6,8,1,Made,1,58,69,127,v,Adams 1' Cutting Layup Shot (12 PTS) (Ball 6 AST),Made Shot,Cutting Layup Shot,1,2,271
0022000067,365,PT06M44.00S,3,1610612760,OKC,1629652,Dort,L. Dort,6,29,3,Made,1,60,69,129,h,Dort 3' Driving Layup (5 PTS),Made Shot,Driving Layup Shot,1,2,272
0022000067,366,PT06M33.00S,3,1610612740,NOP,202339,Bledsoe,E. Bledsoe,-81,89,12,Made,1,60,71,131,v,Bledsoe 12' Pullup Jump Shot (14 PTS),Made Shot,Pullup Jump shot,1,2,273
0022000067,367,PT06M12.00S,3,1610612760,OKC,1629652,Dort,L. Dort,8,25,3,Missed,1,,,0,h,MISS Dort 3' Driving Layup,Missed Shot,Driving Layup Shot,1,2,274
0022000067,368,PT06M10.00S,3,1610612740,NOP,1628404,Hart,J. Hart,0,0,0,,0,,,0,v,Hart REBOUND (Off:0 Def:7),Rebound,Unknown,1,0,275
0022000067,369,PT06M07.00S,3,1610612740,NOP,1628404,Hart,J. Hart,8,-2,1,Missed,1,,,0,v,MISS Hart 1' Running Layup,Missed Shot,Running Layup Shot,1,2,276
0022000067,370,PT06M05.00S,3,1610612760,OKC,201143,Horford,A. Horford,0,0,0,,0,,,0,h,Horford REBOUND (Off:1 Def:4),Rebound,Unknown,1,0,277
0022000067,371,PT05M54.00S,3,1610612760,OKC,1629652,Dort,L. Dort,-226,20,0,Made,1,63,71,134,h,Dort 3PT Jump Shot (8 PTS) (Horford 3 AST),Made Shot,Jump Shot,1,3,278
0022000067,373,PT05M34.00S,3,1610612740,NOP,1627742,Ingram,B. Ingram,-14,255,26,Missed,1,,,0,v,MISS Ingram 26' 3PT Pullup Jump Shot,Missed Shot,Pullup Jump shot,1,3,279
0022000067,374,PT05M32.00S,3,0,,1610612740,,,0,0,0,,0,,,0,v,Pelicans Rebound,Rebound,Unknown,0,0,280
0022000067,378,PT05M20.00S,3,1610612740,NOP,1627742,Ingram,B. Ingram,-185,19,19,Missed,1,,,0,v,MISS Ingram 19' Step Back Jump Shot,Missed Shot,Step Back Jump shot,1,2,281
0022000067,379,PT05M16.00S,3,1610612760,OKC,1629647,Bazley,D. Bazley,0,0,0,,0,,,0,h,Bazley REBOUND (Off:1 Def:3),Rebound,Unknown,1,0,282
0022000067,380,PT05M11.00S,3,1610612740,NOP,1628404,Hart,J. Hart,0,0,0,,0,,,0,v,Hart S.FOUL (P1.T3) (J.Sterling),Foul,Shooting,1,0,283
0022000067,382,PT05M11.00S,3,1610612760,OKC,1629647,Bazley,D. Bazley,0,0,0,,0,64,71,135,h,Bazley Free Throw 1 of 2 (6 PTS),Free Throw,Free Throw 1 of 2,1,0,284
0022000067,389,PT05M11.00S,3,1610612760,OKC,1629647,Bazley,D. Bazley,0,0,0,,0,65,71,136,h,Bazley Free Throw 2 of 2 (7 PTS),Free Throw,Free Throw 2 of 2,1,0,285
0022000067,383,PT05M11.00S,3,1610612760,OKC,201588,Hill,G. Hill,0,0,0,,0,,,0,h,SUB: Muscala FOR G. Hill,Substitution,,0,0,286
0022000067,384,PT05M11.00S,3,1610612760,OKC,201143,Horford,A. Horford,0,0,0,,0,,,0,h,SUB: Diallo FOR Horford,Substitution,,0,0,287
0022000067,385,PT05M11.00S,3,1610612740,NOP,202339,Bledsoe,E. Bledsoe,0,0,0,,0,,,0,v,SUB: Redick FOR Bledsoe,Substitution,,0,0,288
0022000067,390,PT04M59.00S,3,1610612740,NOP,203500,Adams,S. Adams,27,113,12,Missed,1,,,0,v,MISS Adams 12' Jump Shot,Missed Shot,Jump Shot,1,2,289
0022000067,391,PT04M58.00S,3,1610612740,NOP,203500,Adams,S. Adams,0,0,0,,0,,,0,v,Adams REBOUND (Off:4 Def:4),Rebound,Unknown,1,0,290
0022000067,392,PT04M54.00S,3,1610612740,NOP,1627742,Ingram,B. Ingram,-146,200,25,Made,1,65,74,139,v,Ingram 25' 3PT Jump Shot (17 PTS) (Ball 7 AST),Made Shot,Jump Shot,1,3,291
0022000067,394,PT04M30.00S,3,1610612760,OKC,1629652,Dort,L. Dort,0,0,0,,0,,,0,h,Dort Bad Pass Turnover (P2.T11),Turnover,Bad Pass,1,0,292
0022000067,394,PT04M30.00S,3,1610612740,NOP,203500,Adams,S. Adams,0,0,0,,0,,,0,v,Adams STEAL (1 STL),,,1,0,293
0022000067,396,PT04M28.00S,3,1610612760,OKC,1628983,Gilgeous-Alexander,S. Gilgeous-Alexander,0,0,0,,0,,,0,h,Gilgeous-Alexander Personal Take Foul (P2.T2) (B.Adair),Foul,Personal Take,1,0,294
0022000067,398,PT04M28.00S,3,1610612760,OKC,1628983,Gilgeous-Alexander,S. Gilgeous-Alexander,0,0,0,,0,,,0,h,SUB: Maledon FOR Gilgeous-Alexander,Substitution,,0,0,295
0022000067,399,PT04M28.00S,3,1610612760,OKC,1629652,Dort,L. Dort,0,0,0,,0,,,0,h,SUB: Pokusevski FOR Dort,Substitution,,0,0,296
0022000067,400,PT04M28.00S,3,1610612740,NOP,203500,Adams,S. Adams,0,0,0,,0,,,0,v,SUB: Hayes FOR Adams,Substitution,,0,0,297
0022000067,404,PT04M16.00S,3,1610612740,NOP,1628366,Ball,L. Ball,-143,200,25,Missed,1,,,0,v,MISS Ball 25' 3PT Jump Shot,Missed Shot,Jump Shot,1,3,298
0022000067,405,PT04M13.00S,3,1610612760,OKC,1630197,Pokusevski,A. Pokusevski,0,0,0,,0,,,0,h,Pokusevski REBOUND (Off:0 Def:3),Rebound,Unknown,1,0,299
0022000067,406,PT04M12.00S,3,1610612760,OKC,1629647,Bazley,D. Bazley,0,0,0,,0,,,0,h,Bazley Traveling Turnover (P4.T12),Turnover,Traveling,1,0,300
0022000067,407,PT04M12.00S,3,1610612760,OKC,1629647,Bazley,D. Bazley,0,0,0,,0,,,0,h,SUB: Roby FOR Bazley,Substitution,,0,0,301
0022000067,409,PT04M03.00S,3,1610612740,NOP,200755,Redick,J. Redick,154,227,27,Missed,1,,,0,v,MISS Redick 27' 3PT Jump Shot,Missed Shot,Jump Shot,1,3,302
0022000067,410,PT04M00.00S,3,1610612760,OKC,1629676,Roby,I. Roby,0,0,0,,0,,,0,h,Roby REBOUND (Off:1 Def:3),Rebound,Unknown,1,0,303
0022000067,411,PT03M45.00S,3,1610612760,OKC,1630197,Pokusevski,A. Pokusevski,-225,28,0,Missed,1,,,0,h,MISS Pokusevski 3PT Jump Shot,Missed Shot,Jump Shot,1,3,304
0022000067,412,PT03M42.00S,3,1610612740,NOP,200755,Redick,J. Redick,0,0,0,,0,,,0,v,Redick REBOUND (Off:0 Def:1),Rebound,Unknown,1,0,305
0022000067,413,PT03M38.00S,3,1610612740,NOP,1627742,Ingram,B. Ingram,-139,209,25,Made,1,65,77,142,v,Ingram 25' 3PT Pullup Jump Shot (20 PTS) (Redick 1 AST),Made Shot,Pullup Jump shot,1,3,306
0022000067,415,PT03M36.00S,3,0,,1610612760,,,0,0,0,,0,,,0,h,THUNDER Timeout: Regular (Full 4 Short 0),Timeout,Regular,0,0,307
0022000067,416,PT03M27.00S,3,1610612760,OKC,1630177,Maledon,T. Maledon,161,193,25,Missed,1,,,0,h,MISS Maledon 25' 3PT Pullup Jump Shot,Missed Shot,Pullup Jump shot,1,3,308
0022000067,417,PT03M25.00S,3,1610612760,OKC,1629676,Roby,I. Roby,0,0,0,,0,,,0,h,Roby REBOUND (Off:2 Def:3),Rebound,Unknown,1,0,309
0022000067,418,PT03M23.00S,3,1610612760,OKC,1629676,Roby,I. Roby,-7,12,1,Made,1,67,77,144,h,Roby 1' Putback Layup (5 PTS),Made Shot,Putback Layup Shot,1,2,310
0022000067,419,PT03M13.00S,3,1610612760,OKC,1628977,Diallo,H. Diallo,0,0,0,,0,,,0,,"Double Technical - Diallo, Redick (J.Goble)",Foul,Double Technical,1,0,311
0022000067,421,PT03M03.00S,3,1610612740,NOP,1628366,Ball,L. Ball,0,0,0,,0,,,0,v,Ball Bad Pass Turnover (P3.T8),Turnover,Bad Pass,1,0,312
0022000067,421,PT03M03.00S,3,1610612760,OKC,1628977,Diallo,H. Diallo,0,0,0,,0,,,0,h,Diallo STEAL (1 STL),,,1,0,313
0022000067,424,PT03M00.00S,3,1610612740,NOP,1627742,Ingram,B. Ingram,0,0,0,,0,,,0,v,Ingram FLAGRANT.FOUL.TYPE2 (P2.T4) (J.Goble),Foul,Flagrant Type 2,1,0,314
0022000067,426,PT03M00.00S,3,0,,424,,,0,0,0,,0,67,77,144,,Instant Replay3rd Period (9:38 PM EST),Instant Replay,Overturn Ruling,0,0,315
0022000067,427,PT03M00.00S,3,1610612740,NOP,1627742,Ingram,B. Ingram,0,0,0,,0,,,0,v,Ingram Ejection:Other,Ejection,Other,1,0,316
0022000067,428,PT03M00.00S,3,1610612760,OKC,1629676,Roby,I. Roby,0,0,0,,0,,,0,h,MISS Roby Free Throw Flagrant 1 of 2,Free Throw,Free Throw Flagrant 1 of 2,1,0,317
0022000067,429,PT03M00.00S,3,0,,1610612760,,,0,0,0,,0,,,0,h,THUNDER Rebound,Rebound,Normal Rebound,0,0,318
0022000067,430,PT03M00.00S,3,1610612740,NOP,1627742,Ingram,B. Ingram,0,0,0,,0,,,0,v,SUB: Melli FOR Ingram,Substitution,,0,0,319
0022000067,432,PT03M00.00S,3,1610612760,OKC,1629676,Roby,I. Roby,0,0,0,,0,,,0,h,MISS Roby Free Throw Flagrant 2 of 2,Free Throw,Free Throw Flagrant 2 of 2,1,0,320
0022000067,433,PT03M00.00S,3,0,,1610612760,,,0,0,0,,0,,,0,h,THUNDER Rebound,Rebound,Unknown,0,0,321
0022000067,435,PT02M49.00S,3,1610612760,OKC,1628977,Diallo,H. Diallo,4,8,1,Missed,1,,,0,h,MISS Diallo 1' Reverse Layup,Missed Shot,Reverse Layup Shot,1,2,322
0022000067,436,PT02M47.00S,3,1610612740,NOP,1629740,Melli,N. Melli,0,0,0,,0,,,0,v,Melli REBOUND (Off:0 Def:1),Rebound,Unknown,1,0,323
0022000067,437,PT02M41.00S,3,1610612740,NOP,1628366,Ball,L. Ball,7,240,24,Missed,1,,,0,v,MISS Ball 24' 3PT Pullup Jump Shot,Missed Shot,Pullup Jump shot,1,3,324
0022000067,438,PT02M38.00S,3,1610612760,OKC,1628977,Diallo,H. Diallo,0,0,0,,0,,,0,h,Diallo REBOUND (Off:0 Def:1),Rebound,Unknown,1,0,325
0022000067,439,PT02M29.00S,3,1610612760,OKC,203488,Muscala,M. Muscala,-5,11,1,Made,1,69,77,146,h,Muscala 1' Layup (7 PTS) (Pokusevski 3 AST),Made Shot,Layup Shot,1,2,326
0022000067,441,PT02M16.00S,3,1610612740,NOP,1628404,Hart,J. Hart,-138,209,25,Missed,1,,,0,v,MISS Hart 25' 3PT Jump Shot,Missed Shot,Jump Shot,1,3,327
0022000067,442,PT02M13.00S,3,1610612740,NOP,1628366,Ball,L. Ball,0,0,0,,0,,,0,v,Ball REBOUND (Off:1 Def:4),Rebound,Unknown,1,0,328
0022000067,443,PT02M12.00S,3,1610612740,NOP,1628366,Ball,L. Ball,-8,4,1,Made,1,69,79,148,v,Ball 1' Putback Layup (9 PTS),Made Shot,Putback Layup Shot,1,2,329
0022000067,444,PT01M59.00S,3,1610612760,OKC,203488,Muscala,M. Muscala,158,197,25,Made,1,72,79,151,h,Muscala 25' 3PT Jump Shot (10 PTS) (Diallo 3 AST),Made Shot,Jump Shot,1,3,330
0022000067,446,PT01M41.00S,3,1610612740,NOP,1629637,Hayes,J. Hayes,17,-7,2,Missed,1,,,0,v,MISS Hayes 2' Turnaround Jump Shot,Missed Shot,Turnaround Jump Shot,1,2,331
0022000067,447,PT01M39.00S,3,1610612760,OKC,203488,Muscala,M. Muscala,0,0,0,,0,,,0,h,Muscala REBOUND (Off:0 Def:2),Rebound,Unknown,1,0,332
0022000067,448,PT01M23.00S,3,1610612760,OKC,1630197,Pokusevski,A. Pokusevski,-169,233,29,Missed,1,,,0,h,MISS Pokusevski 29' 3PT Jump Shot,Missed Shot,Jump Shot,1,3,333
0022000067,449,PT01M21.00S,3,1610612740,NOP,1629637,Hayes,J. Hayes,0,0,0,,0,,,0,v,Hayes REBOUND (Off:1 Def:1),Rebound,Unknown,1,0,334
0022000067,450,PT01M14.00S,3,1610612740,NOP,1628366,Ball,L. Ball,-36,6,4,Made,1,72,81,153,v,Ball 4' Driving Floating Jump Shot (11 PTS),Made Shot,Driving Floating Jump Shot,1,2,335
0022000067,457,PT01M14.00S,3,1610612760,OKC,1630197,Pokusevski,A. Pokusevski,0,0,0,,0,,,0,h,Defensive Goaltending,Violation,Defensive Goaltending,1,0,336
0022000067,451,PT01M14.00S,3,1610612760,OKC,1630177,Maledon,T. Maledon,0,0,0,,0,,,0,h,Maledon S.FOUL (P2.T3) (J.Goble),Foul,Shooting,1,0,337
0022000067,453,PT01M14.00S,3,1610612740,NOP,1628366,Ball,L. Ball,0,0,0,,0,,,0,v,MISS Ball Free Throw 1 of 1,Free Throw,Free Throw 1 of 1,1,0,338
0022000067,454,PT01M10.00S,3,1610612760,OKC,1630197,Pokusevski,A. Pokusevski,0,0,0,,0,,,0,h,Pokusevski REBOUND (Off:0 Def:4),Rebound,Unknown,1,0,339
0022000067,455,PT01M04.00S,3,1610612740,NOP,1628404,Hart,J. Hart,0,0,0,,0,,,0,v,Hart S.FOUL (P2.PN) (J.Goble),Foul,Shooting,1,0,340
0022000067,458,PT01M04.00S,3,1610612760,OKC,1628977,Diallo,H. Diallo,0,0,0,,0,73,81,154,h,Diallo Free Throw 1 of 2 (3 PTS),Free Throw,Free Throw 1 of 2,1,0,341
0022000067,459,PT01M04.00S,3,1610612760,OKC,203488,Muscala,M. Muscala,0,0,0,,0,,,0,h,SUB: Hall FOR Muscala,Substitution,,0,0,342
0022000067,460,PT01M04.00S,3,1610612740,NOP,1628366,Ball,L. Ball,0,0,0,,0,,,0,v,SUB: Bledsoe FOR Ball,Substitution,,0,0,343
0022000067,463,PT01M04.00S,3,1610612760,OKC,1628977,Diallo,H. Diallo,0,0,0,,0,,,0,h,MISS Diallo Free Throw 2 of 2,Free Throw,Free Throw 2 of 2,1,0,344
0022000067,464,PT01M02.00S,3,1610612740,NOP,1629637,Hayes,J. Hayes,0,0,0,,0,,,0,v,Hayes REBOUND (Off:1 Def:2),Rebound,Unknown,1,0,345
0022000067,465,PT00M47.60S,3,1610612760,OKC,1630197,Pokusevski,A. Pokusevski,0,0,0,,0,,,0,h,Pokusevski S.FOUL (P1.PN) (J.Sterling),Foul,Shooting,1,0,346
0022000067,467,PT00M47.60S,3,1610612740,NOP,1629740,Melli,N. Melli,0,0,0,,0,73,82,155,v,Melli Free Throw 1 of 2 (1 PTS),Free Throw,Free Throw 1 of 2,0,0,347
0022000067,468,PT00M47.60S,3,1610612740,NOP,1629740,Melli,N. Melli,0,0,0,,0,73,83,156,v,Melli Free Throw 2 of 2 (2 PTS),Free Throw,Free Throw 2 of 2,1,0,348
0022000067,469,PT00M28.20S,3,1610612760,OKC,1629676,Roby,I. Roby,-174,179,25,Missed,1,,,0,h,MISS Roby 25' 3PT Pullup Jump Shot,Missed Shot,Pullup Jump shot,1,3,349
0022000067,470,PT00M25.50S,3,1610612740,NOP,200755,Redick,J. Redick,0,0,0,,0,,,0,v,Redick REBOUND (Off:0 Def:2),Rebound,Unknown,1,0,350
0022000067,471,PT00M08.40S,3,1610612740,NOP,202339,Bledsoe,E. Bledsoe,-102,226,25,Missed,1,,,0,v,MISS Bledsoe 25' 3PT Step Back Jump Shot,Missed Shot,Step Back Jump shot,1,3,351
0022000067,472,PT00M06.20S,3,1610612740,NOP,1628404,Hart,J. Hart,0,0,0,,0,,,0,v,Hart REBOUND (Off:1 Def:7),Rebound,Unknown,1,0,352
0022000067,473,PT00M06.20S,3,1610612760,OKC,1630221,Hall,J. Hall,0,0,0,,0,,,0,h,Hall P.FOUL (P1.PN) (B.Adair),Foul,Personal,1,0,353
0022000067,475,PT00M06.20S,3,1610612740,NOP,1628404,Hart,J. Hart,0,0,0,,0,73,84,157,v,Hart Free Throw 1 of 2 (5 PTS),Free Throw,Free Throw 1 of 2,1,0,354
0022000067,476,PT00M06.20S,3,1610612740,NOP,1629740,Melli,N. Melli,0,0,0,,0,,,0,v,SUB: Alexander-Walker FOR Melli,Substitution,,0,0,355
0022000067,478,PT00M06.20S,3,1610612740,NOP,1628404,Hart,J. Hart,0,0,0,,0,73,85,158,v,Hart Free Throw 2 of 2 (6 PTS),Free Throw,Free Throw 2 of 2,1,0,356
0022000067,479,PT00M00.20S,3,1610612760,OKC,1628977,Diallo,H. Diallo,36,57,7,Missed,1,,,0,h,MISS Diallo 7' Running Layup,Missed Shot,Running Layup Shot,1,2,357
0022000067,479,PT00M00.20S,3,1610612740,NOP,1629637,Hayes,J. Hayes,0,0,0,,0,,,0,v,Hayes BLOCK (1 BLK),,,1,2,358
0022000067,481,PT00M00.20S,3,1610612740,NOP,1628404,Hart,J. Hart,0,0,0,,0,,,0,v,Hart REBOUND (Off:1 Def:8),Rebound,Unknown,1,0,359
0022000067,482,PT00M00.00S,3,0,,0,,,0,0,0,,0,73,85,158,,End of 3rd Period (9:48 PM EST),period,end,1,0,360
0022000067,485,PT12M00.00S,4,0,,0,,,0,0,0,,0,73,85,158,,Start of 4th Period (9:50 PM EST),period,start,0,0,361
0022000067,487,PT11M40.00S,4,1610612760,OKC,1630221,Hall,J. Hall,0,0,0,,0,,,0,h,Hall P.FOUL (P2.T1) (J.Goble),Foul,Personal,1,0,362
0022000067,489,PT11M37.00S,4,1610612740,NOP,1629637,Hayes,J. Hayes,0,0,0,,0,,,0,v,Hayes OFF.Foul (P1) (J.Goble),Foul,Offensive,1,0,363
0022000067,491,PT11M37.00S,4,1610612740,NOP,1629637,Hayes,J. Hayes,0,0,0,,0,,,0,v,Hayes Offensive Foul Turnover (P1.T9),Turnover,Offensive Foul Turnover,1,0,364
0022000067,492,PT11M25.00S,4,1610612760,OKC,1630177,Maledon,T. Maledon,35,41,5,Missed,1,,,0,h,MISS Maledon 5' Floating Jump Shot,Missed Shot,Floating Jump shot,1,2,365
0022000067,492,PT11M25.00S,4,1610612740,NOP,1629637,Hayes,J. Hayes,0,0,0,,0,,,0,v,Hayes BLOCK (2 BLK),,,1,2,366
0022000067,493,PT11M25.00S,4,0,,1610612760,,,0,0,0,,0,,,0,h,THUNDER Rebound,Rebound,Unknown,1,0,367
0022000067,496,PT11M16.00S,4,1610612760,OKC,1630221,Hall,J. Hall,-228,7,0,Missed,1,,,0,h,MISS Hall 3PT Step Back Jump Shot,Missed Shot,Step Back Jump shot,1,3,368
0022000067,497,PT11M12.00S,4,1610612740,NOP,202339,Bledsoe,E. Bledsoe,0,0,0,,0,,,0,v,Bledsoe REBOUND (Off:0 Def:3),Rebound,Unknown,1,0,369
0022000067,498,PT11M04.00S,4,1610612740,NOP,1628404,Hart,J. Hart,40,247,25,Missed,1,,,0,v,MISS Hart 25' 3PT Jump Shot,Missed Shot,Jump Shot,1,3,370
0022000067,499,PT11M02.00S,4,1610612760,OKC,1630221,Hall,J. Hall,0,0,0,,0,,,0,h,Hall REBOUND (Off:0 Def:1),Rebound,Unknown,1,0,371
0022000067,500,PT10M49.00S,4,1610612760,OKC,1629676,Roby,I. Roby,0,0,0,,0,,,0,h,Roby Bad Pass Turnover (P1.T13),Turnover,Bad Pass,1,0,372
0022000067,500,PT10M49.00S,4,1610612740,NOP,202339,Bledsoe,E. Bledsoe,0,0,0,,0,,,0,v,Bledsoe STEAL (1 STL),,,1,0,373
0022000067,502,PT10M47.00S,4,1610612760,OKC,1630177,Maledon,T. Maledon,0,0,0,,0,,,0,h,Maledon P.FOUL (P3.T2) (B.Adair),Foul,Personal,1,0,374
0022000067,504,PT10M38.00S,4,1610612740,NOP,202339,Bledsoe,E. Bledsoe,-221,-7,0,Made,1,73,88,161,v,Bledsoe 3PT Jump Shot (17 PTS) (Melli 2 AST),Made Shot,Jump Shot,1,3,375
0022000067,506,PT10M37.00S,4,0,,1610612760,,,0,0,0,,0,,,0,h,THUNDER Timeout: Regular (Full 5 Short 0),Timeout,Regular,0,0,376
0022000067,507,PT10M37.00S,4,1610612760,OKC,1628977,Diallo,H. Diallo,0,0,0,,0,,,0,h,SUB: G. Hill FOR Diallo,Substitution,,0,0,377
0022000067,508,PT10M37.00S,4,1610612760,OKC,1629676,Roby,I. Roby,0,0,0,,0,,,0,h,SUB: Horford FOR Roby,Substitution,,0,0,378
0022000067,509,PT10M37.00S,4,1610612740,NOP,1629637,Hayes,J. Hayes,0,0,0,,0,,,0,v,SUB: Adams FOR Hayes,Substitution,,0,0,379
0022000067,513,PT10M20.00S,4,1610612760,OKC,1630177,Maledon,T. Maledon,150,206,25,Missed,1,,,0,h,MISS Maledon 25' 3PT Jump Shot,Missed Shot,Jump Shot,1,3,380
0022000067,514,PT10M17.00S,4,1610612740,NOP,1628404,Hart,J. Hart,0,0,0,,0,,,0,v,Hart REBOUND (Off:1 Def:9),Rebound,Unknown,1,0,381
0022000067,515,PT10M08.00S,4,1610612740,NOP,203500,Adams,S. Adams,-14,1,1,Missed,1,,,0,v,MISS Adams 1' Layup,Missed Shot,Layup Shot,1,2,382
0022000067,517,PT10M06.00S,4,1610612740,NOP,203500,Adams,S. Adams,0,0,0,,0,,,0,v,Adams REBOUND (Off:5 Def:4),Rebound,Unknown,1,0,383
0022000067,518,PT10M04.00S,4,1610612740,NOP,203500,Adams,S. Adams,-5,-7,1,Made,1,73,90,163,v,Adams 1' Putback Layup (14 PTS),Made Shot,Putback Layup Shot,1,2,384
0022000067,519,PT09M47.00S,4,1610612760,OKC,201143,Horford,A. Horford,18,8,2,Made,1,75,90,165,h,Horford 2' Driving Layup (17 PTS) (G. Hill 4 AST),Made Shot,Driving Layup Shot,0,2,385
0022000067,521,PT09M24.00S,4,1610612740,NOP,1629638,Alexander-Walker,N. Alexander-Walker,13,-5,1,Made,1,75,92,167,v,Alexander-Walker 1' Driving Reverse Layup (9 PTS) (Adams 2 AST),Made Shot,Driving Reverse Layup Shot,1,2,386
0022000067,522,PT09M16.00S,4,1610612740,NOP,203500,Adams,S. Adams,0,0,0,,0,,,0,v,Adams P.FOUL (P1.T1) (J.Goble),Foul,Personal,1,0,387
0022000067,524,PT09M10.00S,4,1610612760,OKC,1630221,Hall,J. Hall,188,168,25,Missed,1,,,0,h,MISS Hall 25' 3PT Jump Shot,Missed Shot,Jump Shot,1,3,388
0022000067,525,PT09M07.00S,4,1610612740,NOP,1629638,Alexander-Walker,N. Alexander-Walker,0,0,0,,0,,,0,v,Alexander-Walker REBOUND (Off:0 Def:3),Rebound,Unknown,1,0,389
0022000067,526,PT08M59.00S,4,1610612740,NOP,1629638,Alexander-Walker,N. Alexander-Walker,-53,125,14,Made,1,75,94,169,v,Alexander-Walker 14' Pullup Jump Shot (11 PTS),Made Shot,Pullup Jump shot,1,2,390
0022000067,527,PT08M47.00S,4,1610612760,OKC,1630197,Pokusevski,A. Pokusevski,0,0,0,,0,,,0,h,Pokusevski Bad Pass Turnover (P4.T14),Turnover,Bad Pass,1,0,391
0022000067,527,PT08M47.00S,4,1610612740,NOP,1628404,Hart,J. Hart,0,0,0,,0,,,0,v,Hart STEAL (1 STL),,,1,0,392
0022000067,529,PT08M43.00S,4,1610612740,NOP,1629638,Alexander-Walker,N. Alexander-Walker,-221,31,0,Missed,1,,,0,v,MISS Alexander-Walker 3PT Jump Shot,Missed Shot,Jump Shot,1,3,393
0022000067,530,PT08M40.00S,4,1610612760,OKC,201143,Horford,A. Horford,0,0,0,,0,,,0,h,Horford REBOUND (Off:1 Def:5),Rebound,Unknown,1,0,394
0022000067,531,PT08M28.00S,4,1610612760,OKC,201588,Hill,G. Hill,0,0,0,,0,,,0,h,G. Hill Out of Bounds Lost Ball Turnover (P2.T15),Turnover,Out of Bounds Lost Ball Turnover,1,0,395
0022000067,532,PT08M28.00S,4,1610612760,OKC,1630221,Hall,J. Hall,0,0,0,,0,,,0,h,SUB: Gilgeous-Alexander FOR Hall,Substitution,,0,0,396
0022000067,533,PT08M28.00S,4,1610612760,OKC,1630197,Pokusevski,A. Pokusevski,0,0,0,,0,,,0,h,SUB: Dort FOR Pokusevski,Substitution,,0,0,397
0022000067,536,PT08M13.00S,4,1610612740,NOP,1628404,Hart,J. Hart,62,155,17,Missed,1,,,0,v,MISS Hart 17' Pullup Jump Shot,Missed Shot,Pullup Jump shot,1,2,398
0022000067,537,PT08M09.00S,4,1610612760,OKC,1629652,Dort,L. Dort,0,0,0,,0,,,0,h,Dort REBOUND (Off:1 Def:2),Rebound,Unknown,1,0,399
0022000067,538,PT07M59.00S,4,1610612760,OKC,201143,Horford,A. Horford,157,199,25,Missed,1,,,0,h,MISS Horford 25' 3PT Jump Shot,Missed Shot,Jump Shot,1,3,400
0022000067,539,PT07M56.00S,4,1610612740,NOP,1629740,Melli,N. Melli,0,0,0,,0,,,0,v,Melli REBOUND (Off:0 Def:2),Rebound,Unknown,1,0,401
0022000067,540,PT07M40.00S,4,1610612740,NOP,1629740,Melli,N. Melli,0,0,0,,0,,,0,v,Melli Bad Pass Turnover (P1.T10),Turnover,Bad Pass,1,0,402
0022000067,540,PT07M40.00S,4,1610612760,OKC,1629652,Dort,L. Dort,0,0,0,,0,,,0,h,Dort STEAL (1 STL),,,1,0,403
0022000067,542,PT07M38.00S,4,1610612740,NOP,1629638,Alexander-Walker,N. Alexander-Walker,0,0,0,,0,,,0,v,Alexander-Walker Personal Take Foul (P1.T2) (J.Sterling),Foul,Personal Take,1,0,404
0022000067,544,PT07M38.00S,4,1610612760,OKC,1630177,Maledon,T. Maledon,0,0,0,,0,,,0,h,SUB: Bazley FOR Maledon,Substitution,,0,0,405
0022000067,545,PT07M38.00S,4,1610612740,NOP,202339,Bledsoe,E. Bledsoe,0,0,0,,0,,,0,v,SUB: Williamson FOR Bledsoe,Substitution,,0,0,406
0022000067,546,PT07M38.00S,4,1610612740,NOP,1629740,Melli,N. Melli,0,0,0,,0,,,0,v,SUB: Ball FOR Melli,Substitution,,0,0,407
0022000067,550,PT07M29.00S,4,1610612760,OKC,201588,Hill,G. Hill,188,152,24,Missed,1,,,0,h,MISS G. Hill 24' 3PT Pullup Jump Shot,Missed Shot,Pullup Jump shot,1,3,408
0022000067,551,PT07M26.00S,4,1610612740,NOP,1628366,Ball,L. Ball,0,0,0,,0,,,0,v,Ball REBOUND (Off:1 Def:5),Rebound,Unknown,1,0,409
0022000067,552,PT07M06.00S,4,1610612740,NOP,1628404,Hart,J. Hart,131,209,25,Made,1,75,97,172,v,Hart 25' 3PT Jump Shot (9 PTS) (Ball 8 AST),Made Shot,Jump Shot,1,3,410
0022000067,555,PT06M44.00S,4,1610612760,OKC,1628983,Gilgeous-Alexander,S. Gilgeous-Alexander,0,0,0,,0,,,0,h,Gilgeous-Alexander Bad Pass Turnover (P2.T16),Turnover,Bad Pass,1,0,411
0022000067,555,PT06M44.00S,4,1610612740,NOP,1629638,Alexander-Walker,N. Alexander-Walker,0,0,0,,0,,,0,v,Alexander-Walker STEAL (2 STL),,,1,0,412
0022000067,557,PT06M38.00S,4,1610612740,NOP,1629638,Alexander-Walker,N. Alexander-Walker,0,0,0,,0,,,0,v,Alexander-Walker Bad Pass Turnover (P3.T11),Turnover,Bad Pass,1,0,413
0022000067,557,PT06M38.00S,4,1610612760,OKC,1628983,Gilgeous-Alexander,S. Gilgeous-Alexander,0,0,0,,0,,,0,h,Gilgeous-Alexander STEAL (2 STL),,,1,0,414
0022000067,560,PT06M15.00S,4,1610612760,OKC,1629647,Bazley,D. Bazley,48,178,18,Missed,1,,,0,h,MISS Bazley 18' Pullup Jump Shot,Missed Shot,Pullup Jump shot,1,2,415
0022000067,561,PT06M13.00S,4,1610612740,NOP,1628366,Ball,L. Ball,0,0,0,,0,,,0,v,Ball REBOUND (Off:1 Def:6),Rebound,Unknown,1,0,416
0022000067,562,PT06M01.00S,4,1610612760,OKC,201143,Horford,A. Horford,0,0,0,,0,,,0,h,Horford S.FOUL (P1.T3) (J.Goble),Foul,Shooting,1,0,417
0022000067,564,PT06M01.00S,4,1610612740,NOP,1629627,Williamson,Z. Williamson,0,0,0,,0,75,98,173,v,Williamson Free Throw 1 of 2 (11 PTS),Free Throw,Free Throw 1 of 2,1,0,418
0022000067,565,PT06M01.00S,4,1610612740,NOP,1629627,Williamson,Z. Williamson,0,0,0,,0,75,99,174,v,Williamson Free Throw 2 of 2 (12 PTS),Free Throw,Free Throw 2 of 2,1,0,419
0022000067,566,PT05M43.00S,4,1610612740,NOP,1628366,Ball,L. Ball,0,0,0,,0,,,0,v,Ball P.FOUL (P2.T3) (J.Sterling),Foul,Personal,1,0,420
0022000067,568,PT05M43.00S,4,0,,1610612760,,,0,0,0,,0,,,0,h,THUNDER Timeout: Regular (Full 6 Short 0),Timeout,Regular,0,0,421
0022000067,569,PT05M43.00S,4,1610612760,OKC,1628983,Gilgeous-Alexander,S. Gilgeous-Alexander,0,0,0,,0,,,0,h,SUB: Williams FOR Gilgeous-Alexander,Substitution,,0,0,422
0022000067,570,PT05M43.00S,4,1610612760,OKC,201588,Hill,G. Hill,0,0,0,,0,,,0,h,SUB: Roby FOR G. Hill,Substitution,,0,0,423
0022000067,571,PT05M43.00S,4,1610612760,OKC,1629652,Dort,L. Dort,0,0,0,,0,,,0,h,SUB: Pokusevski FOR Dort,Substitution,,0,0,424
0022000067,572,PT05M43.00S,4,1610612760,OKC,201143,Horford,A. Horford,0,0,0,,0,,,0,h,SUB: Maledon FOR Horford,Substitution,,0,0,425
0022000067,573,PT05M43.00S,4,1610612760,OKC,1629647,Bazley,D. Bazley,0,0,0,,0,,,0,h,SUB: Hall FOR Bazley,Substitution,,0,0,426
0022000067,579,PT05M32.00S,4,1610612760,OKC,1630197,Pokusevski,A. Pokusevski,-2,272,27,Missed,1,,,0,h,MISS Pokusevski 27' 3PT Step Back Jump Shot,Missed Shot,Step Back Jump shot,1,3,427
0022000067,580,PT05M30.00S,4,1610612760,OKC,1629026,Williams,K. Williams,0,0,0,,0,,,0,h,Williams REBOUND (Off:1 Def:0),Rebound,Unknown,1,0,428
0022000067,581,PT05M28.00S,4,1610612760,OKC,1629026,Williams,K. Williams,15,39,4,Missed,1,,,0,h,MISS Williams 4' Putback Layup,Missed Shot,Putback Layup Shot,1,2,429
0022000067,582,PT05M28.00S,4,1610612740,NOP,1628404,Hart,J. Hart,0,0,0,,0,,,0,v,Hart REBOUND (Off:1 Def:10),Rebound,Unknown,1,0,430
0022000067,583,PT05M17.00S,4,1610612740,NOP,1628366,Ball,L. Ball,-86,237,25,Made,1,75,102,177,v,Ball 25' 3PT Pullup Jump Shot (14 PTS),Made Shot,Pullup Jump shot,1,3,431
0022000067,584,PT05M06.00S,4,1610612760,OKC,1630221,Hall,J. Hall,-183,190,26,Made,1,78,102,180,h,Hall 26' 3PT Jump Shot (3 PTS) (Pokusevski 4 AST),Made Shot,Jump Shot,1,3,432
0022000067,586,PT04M52.00S,4,1610612740,NOP,1628366,Ball,L. Ball,-14,3,1,Made,1,78,104,182,v,Ball 1' Driving Layup (16 PTS),Made Shot,Driving Layup Shot,1,2,433
0022000067,587,PT04M32.00S,4,1610612760,OKC,1630221,Hall,J. Hall,-74,60,10,Missed,1,,,0,h,MISS Hall 10' Turnaround Jump Shot,Missed Shot,Turnaround Jump Shot,1,2,434
0022000067,588,PT04M30.00S,4,1610612740,NOP,1629627,Williamson,Z. Williamson,0,0,0,,0,,,0,v,Williamson REBOUND (Off:4 Def:1),Rebound,Unknown,1,0,435
0022000067,589,PT04M13.00S,4,1610612740,NOP,1629627,Williamson,Z. Williamson,0,0,0,,0,,,0,v,Williamson Bad Pass Turnover (P3.T12),Turnover,Bad Pass,1,0,436
0022000067,589,PT04M13.00S,4,1610612760,OKC,1630197,Pokusevski,A. Pokusevski,0,0,0,,0,,,0,h,Pokusevski STEAL (2 STL),,,1,0,437
0022000067,591,PT04M08.00S,4,1610612760,OKC,1629676,Roby,I. Roby,4,15,2,Made,1,80,104,184,h,Roby 2' Running Dunk (7 PTS) (Maledon 2 AST),Made Shot,Running Dunk Shot,1,2,438
0022000067,593,PT03M45.00S,4,1610612740,NOP,1628366,Ball,L. Ball,137,242,28,Missed,1,,,0,v,MISS Ball 28' 3PT Pullup Jump Shot,Missed Shot,Pullup Jump shot,1,3,439
0022000067,594,PT03M43.00S,4,1610612740,NOP,203500,Adams,S. Adams,0,0,0,,0,,,0,v,Adams REBOUND (Off:6 Def:4),Rebound,Unknown,1,0,440
0022000067,595,PT03M43.00S,4,1610612760,OKC,1629676,Roby,I. Roby,0,0,0,,0,,,0,h,Roby P.FOUL (P2.T4) (J.Sterling),Foul,Personal,1,0,441
0022000067,597,PT03M43.00S,4,1610612740,NOP,203500,Adams,S. Adams,0,0,0,,0,,,0,v,SUB: Hayes FOR Adams,Substitution,,0,0,442
0022000067,599,PT03M36.00S,4,1610612740,NOP,1628404,Hart,J. Hart,214,134,25,Made,1,80,107,187,v,Hart 25' 3PT Jump Shot (12 PTS) (Ball 9 AST),Made Shot,Jump Shot,1,3,443
0022000067,601,PT03M14.00S,4,1610612760,OKC,1630221,Hall,J. Hall,-228,4,0,Missed,1,,,0,h,MISS Hall 3PT Jump Shot,Missed Shot,Jump Shot,1,3,444
0022000067,602,PT03M11.00S,4,1610612740,NOP,1628366,Ball,L. Ball,0,0,0,,0,,,0,v,Ball REBOUND (Off:1 Def:7),Rebound,Unknown,1,0,445
0022000067,603,PT03M08.00S,4,1610612760,OKC,1630221,Hall,J. Hall,0,0,0,,0,,,0,h,Hall S.FOUL (P3.PN) (B.Adair),Foul,Shooting,1,0,446
0022000067,605,PT03M08.00S,4,1610612740,NOP,1629637,Hayes,J. Hayes,0,0,0,,0,,,0,v,MISS Hayes Free Throw 1 of 2,Free Throw,Free Throw 1 of 2,1,0,447
0022000067,606,PT03M08.00S,4,0,,1610612740,,,0,0,0,,0,,,0,v,Pelicans Rebound,Rebound,Normal Rebound,0,0,448
0022000067,607,PT03M08.00S,4,1610612760,OKC,1630177,Maledon,T. Maledon,0,0,0,,0,,,0,h,SUB: Brown FOR Maledon,Substitution,,0,0,449
0022000067,608,PT03M08.00S,4,1610612740,NOP,1629627,Williamson,Z. Williamson,0,0,0,,0,,,0,v,SUB: Lewis Jr. FOR Williamson,Substitution,,0,0,450
0022000067,609,PT03M08.00S,4,1610612740,NOP,1628366,Ball,L. Ball,0,0,0,,0,,,0,v,SUB: Thornwell FOR Ball,Substitution,,0,0,451
0022000067,610,PT03M08.00S,4,1610612740,NOP,1628404,Hart,J. Hart,0,0,0,,0,,,0,v,SUB: Melli FOR Hart,Substitution,,0,0,452
0022000067,615,PT03M08.00S,4,1610612740,NOP,1629637,Hayes,J. Hayes,0,0,0,,0,,,0,v,MISS Hayes Free Throw 2 of 2,Free Throw,Free Throw 2 of 2,1,0,453
0022000067,616,PT03M06.00S,4,1610612760,OKC,1629650,Brown,M. Brown,0,0,0,,0,,,0,h,Brown REBOUND (Off:0 Def:1),Rebound,Unknown,1,0,454
0022000067,617,PT02M51.00S,4,1610612760,OKC,1630197,Pokusevski,A. Pokusevski,0,0,0,,0,,,0,h,Pokusevski Bad Pass Turnover (P5.T17),Turnover,Bad Pass,1,0,455
0022000067,617,PT02M51.00S,4,1610612740,NOP,1628414,Thornwell,S. Thornwell,0,0,0,,0,,,0,v,Thornwell STEAL (1 STL),,,1,0,456
0022000067,619,PT02M39.00S,4,1610612740,NOP,1629638,Alexander-Walker,N. Alexander-Walker,-231,77,24,Made,1,80,110,190,v,Alexander-Walker 24' 3PT Jump Shot (14 PTS) (Melli 3 AST),Made Shot,Jump Shot,1,3,457
0022000067,621,PT02M26.00S,4,1610612740,NOP,1629637,Hayes,J. Hayes,0,0,0,,0,,,0,v,Hayes S.FOUL (P2.T4) (B.Adair),Foul,Shooting,1,0,458
0022000067,623,PT02M26.00S,4,1610612760,OKC,1629650,Brown,M. Brown,0,0,0,,0,,,0,h,MISS Brown Free Throw 1 of 2,Free Throw,Free Throw 1 of 2,1,0,459
0022000067,624,PT02M26.00S,4,0,,1610612760,,,0,0,0,,0,,,0,h,THUNDER Rebound,Rebound,Normal Rebound,0,0,460
0022000067,625,PT02M26.00S,4,1610612760,OKC,1629650,Brown,M. Brown,0,0,0,,0,,,0,h,MISS Brown Free Throw 2 of 2,Free Throw,Free Throw 2 of 2,0,0,461
0022000067,626,PT02M24.00S,4,1610612740,NOP,1629637,Hayes,J. Hayes,0,0,0,,0,,,0,v,Hayes REBOUND (Off:1 Def:3),Rebound,Unknown,0,0,462
0022000067,627,PT02M12.00S,4,1610612740,NOP,1629638,Alexander-Walker,N. Alexander-Walker,104,216,24,Missed,1,,,0,v,MISS Alexander-Walker 24' 3PT Jump Shot,Missed Shot,Jump Shot,1,3,463
0022000067,628,PT02M08.00S,4,1610612760,OKC,1630197,Pokusevski,A. Pokusevski,0,0,0,,0,,,0,h,Pokusevski REBOUND (Off:0 Def:5),Rebound,Unknown,1,0,464
0022000067,629,PT01M56.00S,4,1610612740,NOP,1629637,Hayes,J. Hayes,0,0,0,,0,,,0,v,Hayes S.FOUL (P3.PN) (J.Sterling),Foul,Shooting,1,0,465
0022000067,631,PT01M56.00S,4,1610612760,OKC,1630221,Hall,J. Hall,0,0,0,,0,,,0,h,MISS Hall Free Throw 1 of 2,Free Throw,Free Throw 1 of 2,1,0,466
0022000067,632,PT01M56.00S,4,0,,1610612760,,,0,0,0,,0,,,0,h,THUNDER Rebound,Rebound,Normal Rebound,0,0,467
0022000067,633,PT01M56.00S,4,1610612760,OKC,1630221,Hall,J. Hall,0,0,0,,0,,,0,h,MISS Hall Free Throw 2 of 2,Free Throw,Free Throw 2 of 2,1,0,468
0022000067,634,PT01M53.00S,4,1610612740,NOP,1628414,Thornwell,S. Thornwell,0,0,0,,0,,,0,v,Thornwell REBOUND (Off:0 Def:1),Rebound,Unknown,1,0,469
0022000067,635,PT01M39.00S,4,1610612740,NOP,1629740,Melli,N. Melli,-67,240,25,Made,1,80,113,193,v,Melli 25' 3PT Jump Shot (5 PTS) (Alexander-Walker 1 AST),Made Shot,Jump Shot,1,3,470
0022000067,637,PT01M26.00S,4,1610612760,OKC,1629650,Brown,M. Brown,29,53,6,Missed,1,,,0,h,MISS Brown 6' Turnaround Hook Shot,Missed Shot,Turnaround Hook Shot,1,2,471
0022000067,638,PT01M24.00S,4,1610612740,NOP,1629637,Hayes,J. Hayes,0,0,0,,0,,,0,v,Hayes REBOUND (Off:1 Def:4),Rebound,Unknown,1,0,472
0022000067,639,PT01M16.00S,4,1610612740,NOP,1629638,Alexander-Walker,N. Alexander-Walker,-30,3,3,Missed,1,,,0,v,MISS Alexander-Walker 3' Driving Finger Roll Layup,Missed Shot,Driving Finger Roll Layup Shot,1,2,473
0022000067,640,PT01M14.00S,4,1610612760,OKC,1629650,Brown,M. Brown,0,0,0,,0,,,0,h,Brown REBOUND (Off:0 Def:2),Rebound,Unknown,1,0,474
0022000067,641,PT01M00.00S,4,1610612760,OKC,1630197,Pokusevski,A. Pokusevski,0,0,0,,0,,,0,h,Pokusevski Bad Pass Turnover (P6.T18),Turnover,Bad Pass,1,0,475
0022000067,641,PT01M00.00S,4,1610612740,NOP,1628414,Thornwell,S. Thornwell,0,0,0,,0,,,0,v,Thornwell STEAL (2 STL),,,1,0,476
0022000067,643,PT00M48.00S,4,1610612740,NOP,1629638,Alexander-Walker,N. Alexander-Walker,27,42,5,Missed,1,,,0,v,MISS Alexander-Walker 5' Driving Layup,Missed Shot,Driving Layup Shot,1,2,477
0022000067,643,PT00M48.00S,4,1610612760,OKC,1629650,Brown,M. Brown,0,0,0,,0,,,0,h,Brown BLOCK (1 BLK),,,1,2,478
0022000067,645,PT00M46.00S,4,1610612760,OKC,1629676,Roby,I. Roby,0,0,0,,0,,,0,h,Roby REBOUND (Off:2 Def:4),Rebound,Unknown,1,0,479
0022000067,646,PT00M45.00S,4,1610612760,OKC,1629676,Roby,I. Roby,0,0,0,,0,,,0,h,Roby Offensive Charge Foul (P3.PN) (J.Goble),Foul,Offensive Charge,1,0,480
0022000067,648,PT00M45.00S,4,1610612760,OKC,1629676,Roby,I. Roby,0,0,0,,0,,,0,h,Roby Offensive Foul Turnover (P2.T19),Turnover,Offensive Foul Turnover,1,0,481
0022000067,651,PT00M25.10S,4,1610612740,NOP,1629637,Hayes,J. Hayes,0,0,0,,0,,,0,v,Hayes Offensive Goaltending Turnover (P2.T13),Turnover,Offensive Goaltending,1,0,482
0022000067,652,PT00M18.70S,4,1610612760,OKC,1629026,Williams,K. Williams,-170,170,24,Missed,1,,,0,h,MISS Williams 24' 3PT Jump Shot,Missed Shot,Jump Shot,1,3,483
0022000067,653,PT00M16.10S,4,1610612740,NOP,1629637,Hayes,J. Hayes,0,0,0,,0,,,0,v,Hayes REBOUND (Off:1 Def:5),Rebound,Unknown,1,0,484
0022000067,654,PT00M00.00S,4,0,,0,,,0,0,0,,0,80,113,193,,End of 4th Period (10:16 PM EST),period,end,1,0,485
