gameId,actionNumber,clock,period,teamId,teamTricode,personId,playerName,playerNameI,xLegacy,yLegacy,shotDistance,shotResult,isFieldGoal,scoreHome,scoreAway,pointsTotal,location,description,actionType,subType,videoAvailable,shotValue,actionId
0022000705,2,PT12M00.00S,1,0,,0,,,0,0,0,,0,0,0,0,,Start of 1st Period (9:11 PM EST),period,start,1,0,1
0022000705,4,PT12M00.00S,1,1610612743,DEN,203999,Jokić,N. Jokić,0,0,0,,0,,,0,h,Jokic Violation:Jump Ball (M.Davis),Violation,Jump Ball,0,0,2
0022000705,5,PT11M47.00S,1,1610612737,ATL,1629027,Young,T. Young,0,0,0,,0,,,0,v,Young Bad Pass Turnover (P1.T1),Turnover,Bad Pass,1,0,3
0022000705,5,PT11M47.00S,1,1610612743,DEN,203999,Jokić,N. Jokić,0,0,0,,0,,,0,h,Jokic STEAL (1 STL),,,1,0,4
0022000705,7,PT11M41.00S,1,1610612743,DEN,1629008,Porter Jr.,M. Porter Jr.,-56,-3,6,Made,1,2,0,2,h,Porter Jr. 6' Running Dunk (2 PTS) (Barton 1 AST),Made Shot,Running Dunk Shot,1,2,5
0022000705,9,PT11M15.00S,1,1610612737,ATL,203991,Capela,C. Capela,39,66,8,Missed,1,,,0,v,MISS Capela 8' Hook Shot,Missed Shot,Hook Shot,1,2,6
0022000705,10,PT11M15.00S,1,0,,1610612743,,,0,0,0,,0,,,0,h,NUGGETS Rebound,Rebound,Unknown,0,0,7
0022000705,11,PT11M02.00S,1,1610612743,DEN,203115,Barton,W. Barton,43,174,18,Made,1,4,0,4,h,Barton 18' Step Back Jump Shot (2 PTS),Made Shot,Step Back Jump shot,1,2,8
0022000705,12,PT10M37.00S,1,1610612737,ATL,1628381,Collins,J. Collins,-225,25,0,Made,1,4,3,7,v,Collins 3PT Jump Shot (3 PTS) (Snell 1 AST),Made Shot,Jump Shot,1,3,9
0022000705,14,PT10M17.00S,1,1610612743,DEN,1629008,Porter Jr.,M. Porter Jr.,-232,-4,0,Made,1,7,3,10,h,Porter Jr. 3PT Jump Shot (5 PTS) (Jokic 1 AST),Made Shot,Jump Shot,1,3,10
0022000705,17,PT09M54.00S,1,1610612737,ATL,1629027,Young,T. Young,-112,38,12,Missed,1,,,0,v,MISS Young 12' Driving Floating Jump Shot,Missed Shot,Driving Floating Jump Shot,1,2,11
0022000705,18,PT09M49.00S,1,1610612743,DEN,203999,Jokić,N. Jokić,0,0,0,,0,,,0,h,Jokic REBOUND (Off:0 Def:1),Rebound,Unknown,1,0,12
0022000705,19,PT09M45.00S,1,1610612743,DEN,1627750,Murray,J. Murray,196,164,26,Missed,1,,,0,h,MISS Murray 26' 3PT Running Jump Shot,Missed Shot,Running Jump Shot,1,3,13
0022000705,20,PT09M43.00S,1,1610612737,ATL,203991,Capela,C. Capela,0,0,0,,0,,,0,v,Capela REBOUND (Off:0 Def:1),Rebound,Unknown,1,0,14
0022000705,21,PT09M39.00S,1,1610612737,ATL,203992,Bogdanović,B. Bogdanović,45,9,5,Made,1,7,5,12,v,Bogdanovic 5' Running Layup (2 PTS) (Young 1 AST),Made Shot,Running Layup Shot,1,2,15
0022000705,23,PT09M25.00S,1,1610612743,DEN,203932,Gordon,A. Gordon,-23,168,17,Made,1,9,5,14,h,Gordon 17' Pullup Jump Shot (2 PTS),Made Shot,Pullup Jump shot,1,2,16
0022000705,24,PT09M03.00S,1,1610612737,ATL,203991,Capela,C. Capela,-25,26,4,Missed,1,,,0,v,MISS Capela 4' Hook Shot,Missed Shot,Hook Shot,1,2,17
0022000705,25,PT08M58.00S,1,1610612737,ATL,203991,Capela,C. Capela,0,0,0,,0,,,0,v,Capela REBOUND (Off:1 Def:1),Rebound,Unknown,1,0,18
0022000705,26,PT08M58.00S,1,1610612737,ATL,203991,Capela,C. Capela,0,0,0,Made,1,9,7,16,v,Capela Tip Layup Shot (2 PTS),Made Shot,Tip Layup Shot,1,2,19
0022000705,28,PT08M51.00S,1,1610612737,ATL,1628381,Collins,J. Collins,0,0,0,,0,,,0,v,Collins S.FOUL (P1.T1) (M.Davis),Foul,Shooting,1,0,20
0022000705,30,PT08M51.00S,1,1610612743,DEN,203115,Barton,W. Barton,0,0,0,,0,,,0,h,MISS Barton Free Throw 1 of 2,Free Throw,Free Throw 1 of 2,1,0,21
0022000705,31,PT08M51.00S,1,0,,1610612743,,,0,0,0,,0,,,0,h,NUGGETS Rebound,Rebound,Normal Rebound,0,0,22
0022000705,32,PT08M51.00S,1,1610612743,DEN,203115,Barton,W. Barton,0,0,0,,0,10,7,17,h,Barton Free Throw 2 of 2 (3 PTS),Free Throw,Free Throw 2 of 2,1,0,23
0022000705,34,PT08M35.00S,1,1610612737,ATL,1628381,Collins,J. Collins,-144,231,27,Missed,1,,,0,v,MISS Collins 27' 3PT Jump Shot,Missed Shot,Jump Shot,1,3,24
0022000705,35,PT08M33.00S,1,0,,1610612743,,,0,0,0,,0,,,0,h,NUGGETS Rebound,Rebound,Unknown,0,0,25
0022000705,37,PT08M20.00S,1,1610612743,DEN,203932,Gordon,A. Gordon,-44,13,5,Made,1,12,7,19,h,Gordon 5' Cutting Dunk Shot (4 PTS) (Jokic 2 AST),Made Shot,Cutting Dunk Shot,1,2,26
0022000705,39,PT08M06.00S,1,1610612743,DEN,203932,Gordon,A. Gordon,0,0,0,,0,,,0,h,Gordon P.FOUL (P1.T1) (K.Cutler),Foul,Personal,1,0,27
0022000705,41,PT07M59.00S,1,1610612737,ATL,203992,Bogdanović,B. Bogdanović,225,27,0,Made,1,12,10,22,v,Bogdanovic 3PT Jump Shot (5 PTS) (Collins 1 AST),Made Shot,Jump Shot,1,3,28
0022000705,43,PT07M45.00S,1,1610612743,DEN,203115,Barton,W. Barton,82,-11,8,Made,1,14,10,24,h,Barton 8' Floating Jump Shot (5 PTS),Made Shot,Floating Jump shot,1,2,29
0022000705,44,PT07M32.00S,1,1610612737,ATL,1629027,Young,T. Young,45,121,13,Made,1,14,12,26,v,Young 13' Driving Floating Jump Shot (2 PTS),Made Shot,Driving Floating Jump Shot,1,2,30
0022000705,45,PT07M09.00S,1,1610612743,DEN,203115,Barton,W. Barton,-68,-9,7,Missed,1,,,0,h,MISS Barton 7' Cutting Layup Shot,Missed Shot,Cutting Layup Shot,1,2,31
0022000705,46,PT07M03.00S,1,1610612737,ATL,203991,Capela,C. Capela,0,0,0,,0,,,0,v,Capela REBOUND (Off:1 Def:2),Rebound,Unknown,1,0,32
0022000705,47,PT06M59.00S,1,1610612737,ATL,203503,Snell,T. Snell,165,208,27,Made,1,14,15,29,v,Snell 27' 3PT Jump Shot (3 PTS) (Bogdanovic 1 AST),Made Shot,Jump Shot,1,3,33
0022000705,49,PT06M59.00S,1,0,,1610612743,,,0,0,0,,0,,,0,h,NUGGETS Timeout: Regular (Full 1 Short 0),Timeout,Regular,0,0,34
0022000705,50,PT06M44.00S,1,1610612743,DEN,1627750,Murray,J. Murray,-166,217,27,Missed,1,,,0,h,MISS Murray 27' 3PT Step Back Jump Shot,Missed Shot,Step Back Jump shot,1,3,35
0022000705,51,PT06M40.00S,1,1610612737,ATL,203503,Snell,T. Snell,0,0,0,,0,,,0,v,Snell REBOUND (Off:0 Def:1),Rebound,Unknown,1,0,36
0022000705,52,PT06M28.00S,1,1610612737,ATL,203992,Bogdanović,B. Bogdanović,67,305,31,Missed,1,,,0,v,MISS Bogdanovic 31' 3PT Jump Shot,Missed Shot,Jump Shot,1,3,37
0022000705,53,PT06M24.00S,1,1610612743,DEN,203932,Gordon,A. Gordon,0,0,0,,0,,,0,h,Gordon REBOUND (Off:0 Def:1),Rebound,Unknown,1,0,38
0022000705,54,PT06M12.00S,1,1610612743,DEN,203115,Barton,W. Barton,73,23,8,Made,1,16,15,31,h,Barton 8' Driving Layup (7 PTS),Made Shot,Driving Layup Shot,1,2,39
0022000705,55,PT06M12.00S,1,1610612737,ATL,203991,Capela,C. Capela,0,0,0,,0,,,0,v,Capela S.FOUL (P1.T2) (K.Cutler),Foul,Shooting,1,0,40
0022000705,57,PT06M12.00S,1,1610612743,DEN,203115,Barton,W. Barton,0,0,0,,0,,,0,h,MISS Barton Free Throw 1 of 1,Free Throw,Free Throw 1 of 1,1,0,41
0022000705,58,PT06M10.00S,1,1610612737,ATL,1628381,Collins,J. Collins,0,0,0,,0,,,0,v,Collins REBOUND (Off:0 Def:1),Rebound,Unknown,1,0,42
0022000705,59,PT05M53.00S,1,1610612737,ATL,1628381,Collins,J. Collins,-108,-17,11,Missed,1,,,0,v,MISS Collins 11' Turnaround Fadeaway Shot,Missed Shot,Turnaround Fadeaway shot,1,2,43
0022000705,60,PT05M48.00S,1,1610612743,DEN,203115,Barton,W. Barton,0,0,0,,0,,,0,h,Barton REBOUND (Off:0 Def:1),Rebound,Unknown,1,0,44
0022000705,61,PT05M38.00S,1,1610612743,DEN,203115,Barton,W. Barton,-77,32,8,Missed,1,,,0,h,MISS Barton 8' Driving Layup,Missed Shot,Driving Layup Shot,1,2,45
0022000705,62,PT05M34.00S,1,1610612737,ATL,203991,Capela,C. Capela,0,0,0,,0,,,0,v,Capela REBOUND (Off:1 Def:3),Rebound,Unknown,1,0,46
0022000705,63,PT05M27.00S,1,1610612737,ATL,1628381,Collins,J. Collins,229,37,0,Missed,1,,,0,v,MISS Collins 3PT Jump Shot,Missed Shot,Jump Shot,1,3,47
0022000705,64,PT05M22.00S,1,1610612743,DEN,1627750,Murray,J. Murray,0,0,0,,0,,,0,h,Murray REBOUND (Off:0 Def:1),Rebound,Unknown,1,0,48
0022000705,65,PT05M19.00S,1,1610612743,DEN,203932,Gordon,A. Gordon,-228,37,0,Missed,1,,,0,h,MISS Gordon 3PT Jump Shot,Missed Shot,Jump Shot,1,3,49
0022000705,66,PT05M15.00S,1,1610612737,ATL,203991,Capela,C. Capela,0,0,0,,0,,,0,v,Capela REBOUND (Off:1 Def:4),Rebound,Unknown,1,0,50
0022000705,67,PT05M10.00S,1,1610612737,ATL,1629027,Young,T. Young,-127,222,26,Made,1,16,18,34,v,Young 26' 3PT Pullup Jump Shot (5 PTS),Made Shot,Pullup Jump shot,1,3,51
0022000705,68,PT04M51.00S,1,1610612743,DEN,203999,Jokić,N. Jokić,-71,34,8,Made,1,18,18,36,h,Jokic 8' Hook Shot (2 PTS),Made Shot,Hook Shot,1,2,52
0022000705,70,PT04M34.00S,1,1610612737,ATL,203991,Capela,C. Capela,-74,6,7,Made,1,18,20,38,v,Capela 7' Layup (4 PTS) (Collins 2 AST),Made Shot,Layup Shot,1,2,53
0022000705,71,PT04M23.00S,1,1610612743,DEN,203115,Barton,W. Barton,49,-3,5,Made,1,20,20,40,h,Barton 5' Cutting Layup Shot (9 PTS) (Murray 1 AST),Made Shot,Cutting Layup Shot,1,2,54
0022000705,73,PT04M14.00S,1,0,,1610612737,,,0,0,0,,0,,,0,v,Hawks Timeout: Regular (Reg.1 Short 0),Timeout,Regular,0,0,55
0022000705,75,PT04M14.00S,1,1610612743,DEN,203932,Gordon,A. Gordon,0,0,0,,0,,,0,h,SUB: Campazzo FOR Gordon,Substitution,,0,0,56
0022000705,76,PT04M14.00S,1,1610612743,DEN,1627750,Murray,J. Murray,0,0,0,,0,,,0,h,SUB: Millsap FOR Murray,Substitution,,0,0,57
0022000705,77,PT04M14.00S,1,1610612743,DEN,1629008,Porter Jr.,M. Porter Jr.,0,0,0,,0,,,0,h,SUB: Dozier FOR Porter Jr.,Substitution,,0,0,58
0022000705,78,PT04M14.00S,1,1610612737,ATL,203503,Snell,T. Snell,0,0,0,,0,,,0,v,SUB: Huerter FOR Snell,Substitution,,0,0,59
0022000705,79,PT04M14.00S,1,1610612737,ATL,1628381,Collins,J. Collins,0,0,0,,0,,,0,v,SUB: Gallinari FOR Collins,Substitution,,0,0,60
0022000705,80,PT04M14.00S,1,1610612737,ATL,203992,Bogdanović,B. Bogdanović,0,0,0,,0,,,0,v,SUB: S. Hill FOR Bogdanovic,Substitution,,0,0,61
0022000705,87,PT03M59.00S,1,1610612737,ATL,203991,Capela,C. Capela,-31,43,5,Made,1,20,22,42,v,Capela 5' Hook Shot (6 PTS) (Young 2 AST),Made Shot,Hook Shot,1,2,62
0022000705,89,PT03M45.00S,1,1610612743,DEN,200794,Millsap,P. Millsap,0,0,0,,0,,,0,h,Millsap Bad Pass Turnover (P1.T1),Turnover,Bad Pass,1,0,63
0022000705,89,PT03M45.00S,1,1610612737,ATL,1629027,Young,T. Young,0,0,0,,0,,,0,v,Young STEAL (1 STL),,,1,0,64
0022000705,92,PT03M42.00S,1,1610612743,DEN,200794,Millsap,P. Millsap,0,0,0,,0,,,0,h,Millsap S.FOUL (P1.T2) (K.Cutler),Foul,Shooting,1,0,65
0022000705,97,PT03M42.00S,1,1610612737,ATL,201568,Gallinari,D. Gallinari,0,0,0,,0,20,23,43,v,Gallinari Free Throw 1 of 2 (1 PTS),Free Throw,Free Throw 1 of 2,1,0,66
0022000705,98,PT03M42.00S,1,1610612737,ATL,201568,Gallinari,D. Gallinari,0,0,0,,0,20,24,44,v,Gallinari Free Throw 2 of 2 (2 PTS),Free Throw,Free Throw 2 of 2,1,0,67
0022000705,95,PT03M26.00S,1,1610612743,DEN,203115,Barton,W. Barton,-228,38,0,Made,1,23,24,47,h,Barton 3PT Jump Shot (12 PTS) (Millsap 1 AST),Made Shot,Jump Shot,1,3,68
0022000705,99,PT02M59.00S,1,1610612737,ATL,201568,Gallinari,D. Gallinari,51,-22,6,Made,1,23,26,49,v,Gallinari 6' Cutting Layup Shot (4 PTS),Made Shot,Cutting Layup Shot,1,2,69
0022000705,101,PT02M59.00S,1,1610612743,DEN,1628408,Dozier,P. Dozier,0,0,0,,0,,,0,h,Dozier S.FOUL (P1.T3) (K.Cutler),Foul,Shooting,1,0,70
0022000705,103,PT02M59.00S,1,1610612737,ATL,201568,Gallinari,D. Gallinari,0,0,0,,0,23,27,50,v,Gallinari Free Throw 1 of 1 (5 PTS),Free Throw,Free Throw 1 of 1,1,0,71
0022000705,104,PT02M47.00S,1,1610612743,DEN,1628408,Dozier,P. Dozier,-66,-9,7,Made,1,25,27,52,h,Dozier 7' Cutting Layup Shot (2 PTS) (Jokic 3 AST),Made Shot,Cutting Layup Shot,1,2,72
0022000705,106,PT02M30.00S,1,1610612737,ATL,1628989,Huerter,K. Huerter,13,47,5,Missed,1,,,0,v,MISS Huerter 5' Floating Jump Shot,Missed Shot,Floating Jump shot,1,2,73
0022000705,107,PT02M27.00S,1,1610612743,DEN,203999,Jokić,N. Jokić,0,0,0,,0,,,0,h,Jokic REBOUND (Off:0 Def:2),Rebound,Unknown,1,0,74
0022000705,108,PT02M24.00S,1,1610612743,DEN,200794,Millsap,P. Millsap,60,4,6,Made,1,27,27,54,h,Millsap 6' Running Dunk (2 PTS) (Dozier 1 AST),Made Shot,Running Dunk Shot,1,2,75
0022000705,110,PT02M08.00S,1,1610612737,ATL,203524,Hill,S. Hill,230,56,24,Made,1,27,30,57,v,S. Hill 24' 3PT Jump Shot (3 PTS) (Huerter 1 AST),Made Shot,Jump Shot,1,3,76
0022000705,112,PT01M51.00S,1,1610612743,DEN,200794,Millsap,P. Millsap,58,4,6,Made,1,29,30,59,h,Millsap 6' Cutting Layup Shot (4 PTS) (Jokic 4 AST),Made Shot,Cutting Layup Shot,1,2,77
0022000705,114,PT01M48.00S,1,1610612737,ATL,1629027,Young,T. Young,0,0,0,,0,,,0,v,Young Out of Bounds Lost Ball Turnover (P2.T2),Turnover,Out of Bounds Lost Ball Turnover,0,0,78
0022000705,116,PT01M48.00S,1,1610612743,DEN,203115,Barton,W. Barton,0,0,0,,0,,,0,h,SUB: Green FOR Barton,Substitution,,0,0,79
0022000705,117,PT01M48.00S,1,1610612743,DEN,203999,Jokić,N. Jokić,0,0,0,,0,,,0,h,SUB: Murray FOR Jokic,Substitution,,0,0,80
0022000705,118,PT01M48.00S,1,1610612737,ATL,203991,Capela,C. Capela,0,0,0,,0,,,0,v,SUB: Mays FOR Capela,Substitution,,0,0,81
0022000705,119,PT01M48.00S,1,1610612737,ATL,201568,Gallinari,D. Gallinari,0,0,0,,0,,,0,v,SUB: Okongwu FOR Gallinari,Substitution,,0,0,82
0022000705,124,PT01M36.00S,1,1610612743,DEN,1627750,Murray,J. Murray,0,0,0,,0,,,0,h,Murray Out of Bounds Lost Ball Turnover (P1.T2),Turnover,Out of Bounds Lost Ball Turnover,1,0,83
0022000705,127,PT01M36.00S,1,1610612737,ATL,1629027,Young,T. Young,0,0,0,,0,,,0,v,SUB: Gallinari FOR Young,Substitution,,0,0,84
0022000705,126,PT01M16.00S,1,1610612737,ATL,201568,Gallinari,D. Gallinari,-124,66,14,Made,1,29,32,61,v,Gallinari 14' Step Back Jump Shot (7 PTS),Made Shot,Step Back Jump shot,1,2,85
0022000705,129,PT00M51.50S,1,1610612743,DEN,1627750,Murray,J. Murray,19,176,18,Made,1,31,32,63,h,Murray 18' Step Back Jump Shot (2 PTS),Made Shot,Step Back Jump shot,1,2,86
0022000705,130,PT00M35.90S,1,1610612737,ATL,201568,Gallinari,D. Gallinari,107,16,11,Missed,1,,,0,v,MISS Gallinari 11' Turnaround Jump Shot,Missed Shot,Turnaround Jump Shot,1,2,87
0022000705,131,PT00M33.20S,1,1610612743,DEN,200794,Millsap,P. Millsap,0,0,0,,0,,,0,h,Millsap REBOUND (Off:0 Def:1),Rebound,Unknown,1,0,88
0022000705,132,PT00M25.90S,1,1610612743,DEN,200794,Millsap,P. Millsap,70,10,7,Missed,1,,,0,h,MISS Millsap 7' Driving Layup,Missed Shot,Driving Layup Shot,1,2,89
0022000705,132,PT00M25.90S,1,1610612737,ATL,1630168,Okongwu,O. Okongwu,0,0,0,,0,,,0,v,Okongwu BLOCK (1 BLK),,,1,2,90
0022000705,134,PT00M21.40S,1,1610612743,DEN,200794,Millsap,P. Millsap,0,0,0,,0,,,0,h,Millsap REBOUND (Off:1 Def:1),Rebound,Unknown,1,0,91
0022000705,135,PT00M17.50S,1,1610612743,DEN,200794,Millsap,P. Millsap,98,254,27,Missed,1,,,0,h,MISS Millsap 27' 3PT Jump Shot,Missed Shot,Jump Shot,1,3,92
0022000705,136,PT00M14.70S,1,1610612743,DEN,203210,Green,J. Green,0,0,0,,0,,,0,h,Green REBOUND (Off:1 Def:0),Rebound,Unknown,1,0,93
0022000705,137,PT00M12.70S,1,1610612743,DEN,203210,Green,J. Green,-18,49,5,Missed,1,,,0,h,MISS Green 5' Jump Shot,Missed Shot,Jump Shot,1,2,94
0022000705,137,PT00M12.70S,1,1610612737,ATL,201568,Gallinari,D. Gallinari,0,0,0,,0,,,0,v,Gallinari BLOCK (1 BLK),,,1,2,95
0022000705,139,PT00M09.10S,1,1610612737,ATL,203524,Hill,S. Hill,0,0,0,,0,,,0,v,S. Hill REBOUND (Off:0 Def:1),Rebound,Unknown,1,0,96
0022000705,140,PT00M01.20S,1,1610612737,ATL,1630219,Mays,S. Mays,-195,166,26,Made,1,31,35,66,v,Mays 26' 3PT Jump Shot (3 PTS) (Gallinari 1 AST),Made Shot,Jump Shot,1,3,97
0022000705,142,PT00M00.00S,1,1610612743,DEN,1628408,Dozier,P. Dozier,-199,580,61,Missed,1,,,0,h,MISS Dozier 61' 3PT Running Jump Shot,Missed Shot,Running Jump Shot,1,3,98
0022000705,143,PT00M00.00S,1,0,,1610612743,,,0,0,0,,0,,,0,h,NUGGETS Rebound,Rebound,Unknown,0,0,99
0022000705,144,PT00M00.00S,1,0,,0,,,0,0,0,,0,31,35,66,,End of 1st Period (9:34 PM EST),period,end,1,0,100
0022000705,145,PT12M00.00S,2,0,,0,,,0,0,0,,0,31,35,66,,Start of 2nd Period (9:36 PM EST),period,start,0,0,101
0022000705,146,PT11M44.00S,2,1610612743,DEN,200794,Millsap,P. Millsap,78,-5,8,Made,1,33,35,68,h,Millsap 8' Cutting Layup Shot (6 PTS) (Murray 2 AST),Made Shot,Cutting Layup Shot,1,2,102
0022000705,148,PT11M25.00S,2,1610612737,ATL,1628989,Huerter,K. Huerter,100,288,30,Made,1,33,38,71,v,Huerter 30' 3PT Jump Shot (3 PTS) (Gallinari 2 AST),Made Shot,Jump Shot,1,3,103
0022000705,150,PT11M02.00S,2,1610612743,DEN,203210,Green,J. Green,-234,11,0,Made,1,36,38,74,h,Green 3PT Jump Shot (3 PTS) (Dozier 2 AST),Made Shot,Jump Shot,1,3,104
0022000705,152,PT10M48.00S,2,1610612737,ATL,1628989,Huerter,K. Huerter,72,281,29,Missed,1,,,0,v,MISS Huerter 29' 3PT Pullup Jump Shot,Missed Shot,Pullup Jump shot,1,3,105
0022000705,153,PT10M45.00S,2,1610612743,DEN,203210,Green,J. Green,0,0,0,,0,,,0,h,Green REBOUND (Off:1 Def:1),Rebound,Unknown,1,0,106
0022000705,154,PT10M35.00S,2,1610612743,DEN,1627750,Murray,J. Murray,138,74,16,Missed,1,,,0,h,MISS Murray 16' Fadeaway Jumper,Missed Shot,Fadeaway Jump Shot,1,2,107
0022000705,155,PT10M32.00S,2,1610612737,ATL,1630168,Okongwu,O. Okongwu,0,0,0,,0,,,0,v,Okongwu REBOUND (Off:0 Def:1),Rebound,Unknown,1,0,108
0022000705,156,PT10M17.00S,2,1610612737,ATL,203524,Hill,S. Hill,191,235,30,Missed,1,,,0,v,MISS S. Hill 30' 3PT Jump Shot,Missed Shot,Jump Shot,1,3,109
0022000705,157,PT10M13.00S,2,1610612743,DEN,203210,Green,J. Green,0,0,0,,0,,,0,h,Green REBOUND (Off:1 Def:2),Rebound,Unknown,1,0,110
0022000705,158,PT10M02.00S,2,1610612743,DEN,203210,Green,J. Green,147,216,26,Made,1,39,38,77,h,Green 26' 3PT Jump Shot (6 PTS) (Millsap 2 AST),Made Shot,Jump Shot,1,3,111
0022000705,160,PT09M34.00S,2,1610612737,ATL,201568,Gallinari,D. Gallinari,165,125,21,Missed,1,,,0,v,MISS Gallinari 21' Turnaround Jump Shot,Missed Shot,Turnaround Jump Shot,1,2,112
0022000705,160,PT09M34.00S,2,1610612743,DEN,1627750,Murray,J. Murray,0,0,0,,0,,,0,h,Murray BLOCK (1 BLK),,,1,2,113
0022000705,161,PT09M34.00S,2,0,,1610612737,,,0,0,0,,0,,,0,v,Hawks Rebound,Rebound,Unknown,1,0,114
0022000705,170,PT09M34.00S,2,0,,1610612737,,,0,0,0,,0,,,0,v,Hawks Turnover: Shot Clock (T#3),Turnover,Shot Clock Turnover,0,0,115
0022000705,163,PT09M20.00S,2,1610612743,DEN,203210,Green,J. Green,-158,239,29,Missed,1,,,0,h,MISS Green 29' 3PT Jump Shot,Missed Shot,Jump Shot,1,3,116
0022000705,164,PT09M15.00S,2,1610612737,ATL,1630219,Mays,S. Mays,0,0,0,,0,,,0,v,Mays REBOUND (Off:0 Def:1),Rebound,Unknown,1,0,117
0022000705,165,PT08M57.00S,2,1610612737,ATL,201568,Gallinari,D. Gallinari,-143,222,26,Missed,1,,,0,v,MISS Gallinari 26' 3PT Jump Shot,Missed Shot,Jump Shot,1,3,118
0022000705,166,PT08M53.00S,2,1610612743,DEN,1628408,Dozier,P. Dozier,0,0,0,,0,,,0,h,Dozier REBOUND (Off:0 Def:1),Rebound,Unknown,1,0,119
0022000705,167,PT08M38.00S,2,1610612743,DEN,203210,Green,J. Green,-63,-11,6,Made,1,41,38,79,h,Green 6' Layup (8 PTS) (Murray 3 AST),Made Shot,Layup Shot,1,2,120
0022000705,169,PT08M30.00S,2,0,,1610612737,,,0,0,0,,0,,,0,v,Hawks Timeout: Regular (Reg.2 Short 0),Timeout,Regular,0,0,121
0022000705,172,PT08M30.00S,2,1610612737,ATL,1630219,Mays,S. Mays,0,0,0,,0,,,0,v,SUB: Collins FOR Mays,Substitution,,0,0,122
0022000705,173,PT08M30.00S,2,1610612737,ATL,1630168,Okongwu,O. Okongwu,0,0,0,,0,,,0,v,SUB: Young FOR Okongwu,Substitution,,0,0,123
0022000705,176,PT08M12.00S,2,1610612737,ATL,1628989,Huerter,K. Huerter,74,4,7,Made,1,41,40,81,v,Huerter 7' Driving Layup (5 PTS),Made Shot,Driving Layup Shot,1,2,124
0022000705,177,PT07M56.00S,2,1610612743,DEN,203210,Green,J. Green,-18,20,3,Made,1,43,40,83,h,Green 3' Dunk (10 PTS) (Dozier 3 AST),Made Shot,Dunk Shot,1,2,125
0022000705,179,PT07M43.00S,2,1610612737,ATL,1628381,Collins,J. Collins,-30,43,5,Made,1,43,42,85,v,Collins 5' Floating Jump Shot (5 PTS) (Young 3 AST),Made Shot,Floating Jump shot,1,2,126
0022000705,181,PT07M43.00S,2,1610612743,DEN,1627750,Murray,J. Murray,0,0,0,,0,,,0,h,Murray S.FOUL (P1.T1) (D.Mosher),Foul,Shooting,1,0,127
0022000705,183,PT07M43.00S,2,1610612743,DEN,203210,Green,J. Green,0,0,0,,0,,,0,h,SUB: Porter Jr. FOR Green,Substitution,,0,0,128
0022000705,184,PT07M43.00S,2,1610612743,DEN,1627750,Murray,J. Murray,0,0,0,,0,,,0,h,SUB: Barton FOR Murray,Substitution,,0,0,129
0022000705,185,PT07M43.00S,2,1610612737,ATL,203524,Hill,S. Hill,0,0,0,,0,,,0,v,SUB: Bogdanovic FOR S. Hill,Substitution,,0,0,130
0022000705,189,PT07M43.00S,2,1610612737,ATL,1628381,Collins,J. Collins,0,0,0,,0,43,43,86,v,Collins Free Throw 1 of 1 (6 PTS),Free Throw,Free Throw 1 of 1,1,0,131
0022000705,190,PT07M29.00S,2,1610612743,DEN,1628408,Dozier,P. Dozier,-76,144,16,Missed,1,,,0,h,MISS Dozier 16' Jump Shot,Missed Shot,Jump Shot,1,2,132
0022000705,191,PT07M29.00S,2,1610612737,ATL,201568,Gallinari,D. Gallinari,0,0,0,,0,,,0,v,Gallinari REBOUND (Off:0 Def:1),Rebound,Unknown,1,0,133
0022000705,192,PT07M16.00S,2,1610612737,ATL,201568,Gallinari,D. Gallinari,52,274,28,Made,1,43,46,89,v,Gallinari 28' 3PT Jump Shot (10 PTS) (Young 4 AST),Made Shot,Jump Shot,1,3,134
0022000705,194,PT07M00.00S,2,1610612743,DEN,200794,Millsap,P. Millsap,62,26,7,Missed,1,,,0,h,MISS Millsap 7' Driving Layup,Missed Shot,Driving Layup Shot,1,2,135
0022000705,195,PT06M58.00S,2,1610612743,DEN,1630267,Campazzo,F. Campazzo,0,0,0,,0,,,0,h,Campazzo REBOUND (Off:1 Def:0),Rebound,Unknown,1,0,136
0022000705,196,PT06M48.00S,2,1610612743,DEN,1630267,Campazzo,F. Campazzo,0,0,0,,0,,,0,h,Campazzo Out of Bounds - Bad Pass Turnover Turnover (P1.T3),Turnover,Out of Bounds - Bad Pass Turnover,1,0,137
0022000705,197,PT06M48.00S,2,1610612743,DEN,200794,Millsap,P. Millsap,0,0,0,,0,,,0,h,SUB: Jokic FOR Millsap,Substitution,,0,0,138
0022000705,199,PT06M48.00S,2,1610612737,ATL,201568,Gallinari,D. Gallinari,0,0,0,,0,,,0,v,SUB: Capela FOR Gallinari,Substitution,,0,0,139
0022000705,205,PT06M34.00S,2,1610612737,ATL,203991,Capela,C. Capela,-49,89,10,Missed,1,,,0,v,MISS Capela 10' Hook Shot,Missed Shot,Hook Shot,1,2,140
0022000705,206,PT06M31.00S,2,1610612743,DEN,1629008,Porter Jr.,M. Porter Jr.,0,0,0,,0,,,0,h,Porter Jr. REBOUND (Off:0 Def:1),Rebound,Unknown,1,0,141
0022000705,207,PT06M23.00S,2,1610612743,DEN,203999,Jokić,N. Jokić,15,75,8,Made,1,45,46,91,h,Jokic 8' Floating Jump Shot (4 PTS) (Barton 2 AST),Made Shot,Floating Jump shot,1,2,142
0022000705,209,PT06M10.00S,2,1610612737,ATL,1629027,Young,T. Young,73,295,30,Missed,1,,,0,v,MISS Young 30' 3PT Pullup Jump Shot,Missed Shot,Pullup Jump shot,1,3,143
0022000705,210,PT06M06.00S,2,1610612743,DEN,203115,Barton,W. Barton,0,0,0,,0,,,0,h,Barton REBOUND (Off:0 Def:2),Rebound,Unknown,1,0,144
0022000705,211,PT05M54.00S,2,1610612743,DEN,203115,Barton,W. Barton,44,262,27,Missed,1,,,0,h,MISS Barton 27' 3PT Jump Shot,Missed Shot,Jump Shot,1,3,145
0022000705,212,PT05M53.00S,2,1610612737,ATL,203991,Capela,C. Capela,0,0,0,,0,,,0,v,Capela REBOUND (Off:1 Def:5),Rebound,Unknown,1,0,146
0022000705,213,PT05M43.00S,2,1610612737,ATL,1628989,Huerter,K. Huerter,33,287,29,Made,1,45,49,94,v,Huerter 29' 3PT Jump Shot (8 PTS) (Young 5 AST),Made Shot,Jump Shot,1,3,147
0022000705,215,PT05M34.00S,2,0,,1610612743,,,0,0,0,,0,,,0,h,NUGGETS Timeout: Regular (Full 2 Short 0),Timeout,Regular,0,0,148
0022000705,216,PT05M34.00S,2,1610612743,DEN,1630267,Campazzo,F. Campazzo,0,0,0,,0,,,0,h,SUB: Gordon FOR Campazzo,Substitution,,0,0,149
0022000705,217,PT05M34.00S,2,1610612743,DEN,1628408,Dozier,P. Dozier,0,0,0,,0,,,0,h,SUB: Murray FOR Dozier,Substitution,,0,0,150
0022000705,220,PT05M19.00S,2,1610612743,DEN,203999,Jokić,N. Jokić,-85,128,15,Made,1,47,49,96,h,Jokic 15' Jump Shot (6 PTS) (Murray 4 AST),Made Shot,Jump Shot,1,2,151
0022000705,222,PT04M51.00S,2,1610612737,ATL,203992,Bogdanović,B. Bogdanović,-6,52,5,Missed,1,,,0,v,MISS Bogdanovic 5' Floating Jump Shot,Missed Shot,Floating Jump shot,1,2,152
0022000705,223,PT04M49.00S,2,1610612743,DEN,203115,Barton,W. Barton,0,0,0,,0,,,0,h,Barton REBOUND (Off:0 Def:3),Rebound,Unknown,1,0,153
0022000705,224,PT04M42.00S,2,1610612743,DEN,1629008,Porter Jr.,M. Porter Jr.,237,60,24,Missed,1,,,0,h,MISS Porter Jr. 24' 3PT Jump Shot,Missed Shot,Jump Shot,1,3,154
0022000705,225,PT04M38.00S,2,1610612743,DEN,203115,Barton,W. Barton,0,0,0,,0,,,0,h,Barton REBOUND (Off:1 Def:3),Rebound,Unknown,1,0,155
0022000705,226,PT04M32.00S,2,1610612743,DEN,203932,Gordon,A. Gordon,-76,-10,8,Made,1,49,49,98,h,Gordon 8' Driving Layup (6 PTS),Made Shot,Driving Layup Shot,1,2,156
0022000705,227,PT04M17.00S,2,1610612737,ATL,1628381,Collins,J. Collins,-196,174,26,Missed,1,,,0,v,MISS Collins 26' 3PT Jump Shot,Missed Shot,Jump Shot,1,3,157
0022000705,228,PT04M14.00S,2,1610612743,DEN,1629008,Porter Jr.,M. Porter Jr.,0,0,0,,0,,,0,h,Porter Jr. REBOUND (Off:0 Def:2),Rebound,Unknown,1,0,158
0022000705,229,PT04M02.00S,2,1610612743,DEN,203932,Gordon,A. Gordon,-1,96,10,Made,1,51,49,100,h,Gordon 10' Jump Shot (8 PTS) (Jokic 5 AST),Made Shot,Jump Shot,1,2,159
0022000705,231,PT03M36.00S,2,1610612737,ATL,1628381,Collins,J. Collins,0,0,0,,0,,,0,v,Collins Lost Ball Turnover (P1.T4),Turnover,Lost Ball,1,0,160
0022000705,231,PT03M36.00S,2,1610612743,DEN,203115,Barton,W. Barton,0,0,0,,0,,,0,h,Barton STEAL (1 STL),,,1,0,161
0022000705,233,PT03M36.00S,2,1610612737,ATL,1628989,Huerter,K. Huerter,0,0,0,,0,,,0,v,SUB: Snell FOR Huerter,Substitution,,0,0,162
0022000705,235,PT03M35.00S,2,1610612737,ATL,203992,Bogdanović,B. Bogdanović,0,0,0,,0,,,0,v,Bogdanovic Personal Take Foul (P1.T1) (M.Davis),Foul,Personal Take,1,0,163
0022000705,237,PT03M24.00S,2,1610612743,DEN,203999,Jokić,N. Jokić,-84,10,8,Made,1,53,49,102,h,Jokic 8' Cutting Layup Shot (8 PTS) (Barton 3 AST),Made Shot,Cutting Layup Shot,1,2,164
0022000705,239,PT03M11.00S,2,1610612737,ATL,1629027,Young,T. Young,0,0,0,,0,,,0,v,Young Bad Pass Turnover (P3.T5),Turnover,Bad Pass,1,0,165
0022000705,239,PT03M11.00S,2,1610612743,DEN,203932,Gordon,A. Gordon,0,0,0,,0,,,0,h,Gordon STEAL (1 STL),,,1,0,166
0022000705,241,PT03M06.00S,2,1610612743,DEN,203115,Barton,W. Barton,-139,228,27,Missed,1,,,0,h,MISS Barton 27' 3PT Jump Shot,Missed Shot,Jump Shot,1,3,167
0022000705,242,PT03M01.00S,2,1610612743,DEN,203999,Jokić,N. Jokić,0,0,0,,0,,,0,h,Jokic REBOUND (Off:1 Def:2),Rebound,Unknown,1,0,168
0022000705,243,PT02M58.00S,2,1610612743,DEN,203932,Gordon,A. Gordon,236,73,25,Missed,1,,,0,h,MISS Gordon 25' 3PT Jump Shot,Missed Shot,Jump Shot,1,3,169
0022000705,244,PT02M53.00S,2,1610612743,DEN,1629008,Porter Jr.,M. Porter Jr.,0,0,0,,0,,,0,h,Porter Jr. REBOUND (Off:1 Def:2),Rebound,Unknown,1,0,170
0022000705,245,PT02M52.00S,2,1610612743,DEN,1629008,Porter Jr.,M. Porter Jr.,-43,-4,4,Made,1,55,49,104,h,Porter Jr. 4' Putback Layup (7 PTS),Made Shot,Putback Layup Shot,1,2,171
0022000705,246,PT02M45.00S,2,1610612737,ATL,1629027,Young,T. Young,-93,327,34,Missed,1,,,0,v,MISS Young 34' 3PT Pullup Jump Shot,Missed Shot,Pullup Jump shot,1,3,172
0022000705,247,PT02M42.00S,2,1610612743,DEN,1629008,Porter Jr.,M. Porter Jr.,0,0,0,,0,,,0,h,Porter Jr. REBOUND (Off:1 Def:3),Rebound,Unknown,1,0,173
0022000705,248,PT02M36.00S,2,1610612743,DEN,203932,Gordon,A. Gordon,-230,27,0,Made,1,58,49,107,h,Gordon 3PT Jump Shot (11 PTS) (Porter Jr. 1 AST),Made Shot,Jump Shot,1,3,174
0022000705,250,PT02M18.00S,2,1610612737,ATL,203992,Bogdanović,B. Bogdanović,92,4,9,Made,1,58,51,109,v,Bogdanovic 9' Driving Floating Bank Jump Shot (7 PTS),Made Shot,Driving Floating Bank Jump Shot,1,2,175
0022000705,251,PT02M11.00S,2,1610612743,DEN,1627750,Murray,J. Murray,-25,17,3,Made,1,60,51,111,h,Murray 3' Running Layup (4 PTS) (Jokic 6 AST),Made Shot,Running Layup Shot,1,2,176
0022000705,252,PT02M00.00S,2,1610612737,ATL,1629027,Young,T. Young,0,0,0,,0,,,0,v,Young OFF.Foul (P1) (D.Mosher),Foul,Offensive,1,0,177
0022000705,257,PT02M00.00S,2,1610612737,ATL,1629027,Young,T. Young,0,0,0,,0,,,0,v,Young Offensive Foul Turnover (P4.T6),Turnover,Offensive Foul Turnover,1,0,178
0022000705,282,PT02M00.00S,2,0,,1610612743,,,0,0,0,,0,,,0,h,NUGGETS Timeout: Coach Challenge (Full 2 Short 0),Timeout,Coach Challenge,0,0,179
0022000705,255,PT02M00.00S,2,0,,252,Malone,K. Malone,0,0,0,,0,60,51,111,,Instant Replay2nd Period (9:55 PM EST),Instant Replay,Coach Challenge Overturn Ruling,1,0,180
0022000705,283,PT02M00.00S,2,1610612737,ATL,203991,Capela,C. Capela,0,0,0,,0,,,0,v,SUB: Gallinari FOR Capela,Substitution,,0,0,181
0022000705,256,PT02M00.00S,2,1610612737,ATL,1629027,Young,T. Young,0,0,0,,0,,,0,v,Young T.FOUL (P1.T1) (M.Davis),Foul,Technical,1,0,182
0022000705,258,PT02M00.00S,2,1610612743,DEN,1627750,Murray,J. Murray,0,0,0,,0,,,0,h,MISS Murray Free Throw Technical,Free Throw,Free Throw Technical,1,0,183
0022000705,259,PT02M00.00S,2,0,,1610612743,,,0,0,0,,0,,,0,h,NUGGETS Rebound,Rebound,Normal Rebound,0,0,184
0022000705,260,PT01M47.00S,2,1610612743,DEN,1629008,Porter Jr.,M. Porter Jr.,65,18,7,Made,1,62,51,113,h,Porter Jr. 7' Driving Layup (9 PTS) (Jokic 7 AST),Made Shot,Driving Layup Shot,1,2,185
0022000705,261,PT01M34.00S,2,1610612737,ATL,1628381,Collins,J. Collins,-81,5,8,Made,1,62,53,115,v,Collins 8' Turnaround Jump Shot (8 PTS) (Snell 2 AST),Made Shot,Turnaround Jump Shot,1,2,186
0022000705,263,PT01M18.00S,2,1610612743,DEN,1627750,Murray,J. Murray,0,0,0,,0,,,0,h,Murray Bad Pass Turnover (P2.T4),Turnover,Bad Pass,1,0,187
0022000705,263,PT01M18.00S,2,1610612737,ATL,203992,Bogdanović,B. Bogdanović,0,0,0,,0,,,0,v,Bogdanovic STEAL (1 STL),,,1,0,188
0022000705,270,PT01M18.00S,2,1610612737,ATL,1629027,Young,T. Young,191,167,25,Missed,1,,,0,v,MISS Young 25' 3PT Running Jump Shot,Missed Shot,Running Jump Shot,1,3,189
0022000705,271,PT01M18.00S,2,1610612743,DEN,203115,Barton,W. Barton,0,0,0,,0,,,0,h,Barton REBOUND (Off:1 Def:4),Rebound,Unknown,1,0,190
0022000705,265,PT01M07.00S,2,1610612743,DEN,1629008,Porter Jr.,M. Porter Jr.,46,-5,5,Missed,1,,,0,h,MISS Porter Jr. 5' Alley Oop Layup,Missed Shot,Alley Oop Layup shot,1,2,191
0022000705,266,PT01M02.00S,2,1610612737,ATL,1629027,Young,T. Young,0,0,0,,0,,,0,v,Young REBOUND (Off:0 Def:1),Rebound,Unknown,1,0,192
0022000705,267,PT00M41.30S,2,1610612737,ATL,1629027,Young,T. Young,-203,143,25,Missed,1,,,0,v,MISS Young 25' 3PT Step Back Jump Shot,Missed Shot,Step Back Jump shot,1,3,193
0022000705,268,PT00M39.00S,2,1610612743,DEN,1629008,Porter Jr.,M. Porter Jr.,0,0,0,,0,,,0,h,Porter Jr. REBOUND (Off:1 Def:4),Rebound,Unknown,1,0,194
0022000705,269,PT00M35.60S,2,1610612743,DEN,1629008,Porter Jr.,M. Porter Jr.,-109,294,31,Missed,1,,,0,h,MISS Porter Jr. 31' 3PT Pullup Jump Shot,Missed Shot,Pullup Jump shot,1,3,195
0022000705,272,PT00M33.30S,2,1610612743,DEN,203999,Jokić,N. Jokić,0,0,0,,0,,,0,h,Jokic REBOUND (Off:2 Def:2),Rebound,Unknown,1,0,196
0022000705,274,PT00M33.30S,2,1610612737,ATL,201568,Gallinari,D. Gallinari,0,0,0,,0,,,0,v,Gallinari S.FOUL (P1.T2) (K.Cutler),Foul,Shooting,1,0,197
0022000705,276,PT00M33.30S,2,1610612743,DEN,203999,Jokić,N. Jokić,0,0,0,,0,63,53,116,h,Jokic Free Throw 1 of 2 (9 PTS),Free Throw,Free Throw 1 of 2,1,0,198
0022000705,277,PT00M33.30S,2,1610612743,DEN,203999,Jokić,N. Jokić,0,0,0,,0,,,0,h,MISS Jokic Free Throw 2 of 2,Free Throw,Free Throw 2 of 2,1,0,199
0022000705,278,PT00M31.40S,2,1610612737,ATL,1628381,Collins,J. Collins,0,0,0,,0,,,0,v,Collins REBOUND (Off:0 Def:2),Rebound,Unknown,1,0,200
0022000705,279,PT00M24.70S,2,1610612737,ATL,1629027,Young,T. Young,-111,25,11,Made,1,63,55,118,v,Young 11' Floating Jump Shot (7 PTS),Made Shot,Floating Jump shot,1,2,201
0022000705,280,PT00M04.30S,2,1610612743,DEN,1627750,Murray,J. Murray,-23,104,11,Made,1,65,55,120,h,Murray 11' Floating Jump Shot (6 PTS),Made Shot,Floating Jump shot,1,2,202
0022000705,281,PT00M00.00S,2,0,,0,,,0,0,0,,0,65,55,120,,End of 2nd Period (10:00 PM EST),period,end,1,0,203
0022000705,288,PT12M00.00S,3,0,,0,,,0,0,0,,0,65,55,120,,Start of 3rd Period (10:15 PM EST),period,start,0,0,204
0022000705,289,PT11M49.00S,3,1610612743,DEN,203932,Gordon,A. Gordon,23,59,6,Made,1,67,55,122,h,Gordon 6' Cutting Dunk Shot (13 PTS) (Jokic 8 AST),Made Shot,Cutting Dunk Shot,1,2,205
0022000705,291,PT11M28.00S,3,1610612737,ATL,1629027,Young,T. Young,-177,7,18,Missed,1,,,0,v,MISS Young 18' Turnaround Jump Shot,Missed Shot,Turnaround Jump Shot,1,2,206
0022000705,292,PT11M25.00S,3,1610612743,DEN,203999,Jokić,N. Jokić,0,0,0,,0,,,0,h,Jokic REBOUND (Off:2 Def:3),Rebound,Unknown,1,0,207
0022000705,293,PT11M11.00S,3,1610612743,DEN,203115,Barton,W. Barton,0,0,0,,0,,,0,h,Barton Lost Ball Turnover (P1.T5),Turnover,Lost Ball,1,0,208
0022000705,293,PT11M11.00S,3,1610612737,ATL,203991,Capela,C. Capela,0,0,0,,0,,,0,v,Capela STEAL (1 STL),,,1,0,209
0022000705,295,PT10M46.00S,3,1610612737,ATL,203992,Bogdanović,B. Bogdanović,27,84,9,Missed,1,,,0,v,MISS Bogdanovic 9' Floating Jump Shot,Missed Shot,Floating Jump shot,1,2,210
0022000705,296,PT10M43.00S,3,1610612737,ATL,203992,Bogdanović,B. Bogdanović,0,0,0,,0,,,0,v,Bogdanovic REBOUND (Off:1 Def:0),Rebound,Unknown,1,0,211
0022000705,297,PT10M41.00S,3,1610612737,ATL,203992,Bogdanović,B. Bogdanović,-49,-4,5,Made,1,67,57,124,v,Bogdanovic 5' Putback Layup (9 PTS),Made Shot,Putback Layup Shot,1,2,212
0022000705,298,PT10M24.00S,3,1610612743,DEN,1629008,Porter Jr.,M. Porter Jr.,-222,-11,0,Made,1,70,57,127,h,Porter Jr. 3PT Jump Shot (12 PTS) (Gordon 1 AST),Made Shot,Jump Shot,1,3,213
0022000705,300,PT10M24.00S,3,1610612737,ATL,203503,Snell,T. Snell,0,0,0,,0,,,0,v,Snell S.FOUL (P1.T1) (D.Mosher),Foul,Shooting,1,0,214
0022000705,302,PT10M24.00S,3,1610612743,DEN,1629008,Porter Jr.,M. Porter Jr.,0,0,0,,0,71,57,128,h,Porter Jr. Free Throw 1 of 1 (13 PTS),Free Throw,Free Throw 1 of 1,1,0,215
0022000705,320,PT10M15.00S,3,1610612737,ATL,203991,Capela,C. Capela,29,42,5,Missed,1,,,0,v,MISS Capela 5' Cutting Layup Shot,Missed Shot,Cutting Layup Shot,1,2,216
0022000705,321,PT10M13.00S,3,1610612743,DEN,203999,Jokić,N. Jokić,0,0,0,,0,,,0,h,Jokic REBOUND (Off:2 Def:4),Rebound,Unknown,1,0,217
0022000705,305,PT10M03.00S,3,1610612743,DEN,1627750,Murray,J. Murray,103,93,14,Made,1,73,57,130,h,Murray 14' Turnaround Jump Shot (8 PTS),Made Shot,Turnaround Jump Shot,1,2,218
0022000705,306,PT09M40.00S,3,1610612737,ATL,1628381,Collins,J. Collins,-60,18,6,Missed,1,,,0,v,MISS Collins 6' Driving Layup,Missed Shot,Driving Layup Shot,1,2,219
0022000705,306,PT09M40.00S,3,1610612743,DEN,203999,Jokić,N. Jokić,0,0,0,,0,,,0,h,Jokic BLOCK (1 BLK),,,1,2,220
0022000705,308,PT09M40.00S,3,0,,1610612737,,,0,0,0,,0,,,0,v,Hawks Rebound,Rebound,Unknown,0,0,221
0022000705,309,PT09M35.00S,3,1610612737,ATL,203992,Bogdanović,B. Bogdanović,-139,110,18,Missed,1,,,0,v,MISS Bogdanovic 18' Turnaround Fadeaway Bank Jump Shot,Missed Shot,Turnaround Fadeaway Bank Jump Shot,1,2,222
0022000705,310,PT09M33.00S,3,1610612743,DEN,1629008,Porter Jr.,M. Porter Jr.,0,0,0,,0,,,0,h,Porter Jr. REBOUND (Off:1 Def:5),Rebound,Unknown,1,0,223
0022000705,311,PT09M29.00S,3,1610612743,DEN,1627750,Murray,J. Murray,47,-22,5,Made,1,75,57,132,h,Murray 5' Running Layup (10 PTS) (Porter Jr. 2 AST),Made Shot,Running Layup Shot,1,2,224
0022000705,313,PT09M29.00S,3,0,,1610612737,,,0,0,0,,0,,,0,v,Hawks Timeout: Regular (Reg.3 Short 0),Timeout,Regular,0,0,225
0022000705,314,PT09M05.00S,3,1610612737,ATL,1628381,Collins,J. Collins,96,58,11,Missed,1,,,0,v,MISS Collins 11' Jump Shot,Missed Shot,Jump Shot,1,2,226
0022000705,315,PT09M03.00S,3,1610612743,DEN,203932,Gordon,A. Gordon,0,0,0,,0,,,0,h,Gordon REBOUND (Off:0 Def:2),Rebound,Unknown,1,0,227
0022000705,316,PT09M03.00S,3,1610612737,ATL,1628381,Collins,J. Collins,0,0,0,,0,,,0,v,Collins P.FOUL (P2.T2) (D.Mosher),Foul,Personal,1,0,228
0022000705,318,PT08M48.00S,3,1610612737,ATL,1628381,Collins,J. Collins,0,0,0,,0,,,0,v,Collins S.FOUL (P3.T3) (K.Cutler),Foul,Shooting,1,0,229
0022000705,322,PT08M48.00S,3,1610612743,DEN,1627750,Murray,J. Murray,0,0,0,,0,76,57,133,h,Murray Free Throw 1 of 2 (11 PTS),Free Throw,Free Throw 1 of 2,1,0,230
0022000705,323,PT08M48.00S,3,1610612743,DEN,1627750,Murray,J. Murray,0,0,0,,0,77,57,134,h,Murray Free Throw 2 of 2 (12 PTS),Free Throw,Free Throw 2 of 2,1,0,231
0022000705,324,PT08M37.00S,3,1610612737,ATL,1629027,Young,T. Young,-144,291,32,Made,1,77,60,137,v,Young 32' 3PT Pullup Jump Shot (10 PTS),Made Shot,Pullup Jump shot,1,3,232
0022000705,325,PT08M20.00S,3,1610612743,DEN,1627750,Murray,J. Murray,-8,277,28,Made,1,80,60,140,h,Murray 28' 3PT Step Back Jump Shot (15 PTS),Made Shot,Step Back Jump shot,1,3,233
0022000705,326,PT07M54.00S,3,1610612737,ATL,203991,Capela,C. Capela,52,7,5,Made,1,80,62,142,v,Capela 5' Alley Oop Layup (8 PTS) (Young 6 AST),Made Shot,Alley Oop Layup shot,1,2,234
0022000705,328,PT07M34.00S,3,1610612743,DEN,203932,Gordon,A. Gordon,175,201,27,Missed,1,,,0,h,MISS Gordon 27' 3PT Jump Shot,Missed Shot,Jump Shot,1,3,235
0022000705,329,PT07M30.00S,3,1610612737,ATL,203991,Capela,C. Capela,0,0,0,,0,,,0,v,Capela REBOUND (Off:1 Def:6),Rebound,Unknown,1,0,236
0022000705,330,PT07M24.00S,3,1610612737,ATL,1629027,Young,T. Young,-152,269,31,Made,1,80,65,145,v,Young 31' 3PT Pullup Jump Shot (13 PTS),Made Shot,Pullup Jump shot,1,3,237
0022000705,331,PT07M04.00S,3,1610612743,DEN,203115,Barton,W. Barton,231,34,0,Missed,1,,,0,h,MISS Barton 3PT Jump Shot,Missed Shot,Jump Shot,1,3,238
0022000705,332,PT07M02.00S,3,1610612737,ATL,1628381,Collins,J. Collins,0,0,0,,0,,,0,v,Collins REBOUND (Off:0 Def:3),Rebound,Unknown,1,0,239
0022000705,333,PT06M56.00S,3,1610612737,ATL,203991,Capela,C. Capela,-68,-10,7,Missed,1,,,0,v,MISS Capela 7' Reverse Layup,Missed Shot,Reverse Layup Shot,1,2,240
0022000705,333,PT06M56.00S,3,1610612743,DEN,203999,Jokić,N. Jokić,0,0,0,,0,,,0,h,Jokic BLOCK (2 BLK),,,1,2,241
0022000705,335,PT06M51.00S,3,1610612743,DEN,203999,Jokić,N. Jokić,0,0,0,,0,,,0,h,Jokic REBOUND (Off:2 Def:5),Rebound,Unknown,1,0,242
0022000705,336,PT06M40.00S,3,1610612743,DEN,203115,Barton,W. Barton,0,0,0,,0,,,0,h,Barton Lost Ball Turnover (P2.T6),Turnover,Lost Ball,1,0,243
0022000705,336,PT06M40.00S,3,1610612737,ATL,1628381,Collins,J. Collins,0,0,0,,0,,,0,v,Collins STEAL (1 STL),,,1,0,244
0022000705,338,PT06M29.00S,3,1610612737,ATL,1629027,Young,T. Young,24,48,5,Made,1,80,67,147,v,Young 5' Driving Floating Jump Shot (15 PTS),Made Shot,Driving Floating Jump Shot,1,2,245
0022000705,339,PT06M29.00S,3,0,,1610612743,,,0,0,0,,0,,,0,h,NUGGETS Timeout: Regular (Full 3 Short 0),Timeout,Regular,0,0,246
0022000705,340,PT06M29.00S,3,1610612737,ATL,203991,Capela,C. Capela,0,0,0,,0,,,0,v,SUB: Gallinari FOR Capela,Substitution,,0,0,247
0022000705,342,PT06M15.00S,3,1610612743,DEN,1627750,Murray,J. Murray,0,0,0,,0,,,0,h,Murray Lost Ball Turnover (P3.T7),Turnover,Lost Ball,1,0,248
0022000705,342,PT06M15.00S,3,1610612737,ATL,1629027,Young,T. Young,0,0,0,,0,,,0,v,Young STEAL (2 STL),,,1,0,249
0022000705,344,PT05M59.00S,3,1610612737,ATL,201568,Gallinari,D. Gallinari,-20,277,28,Missed,1,,,0,v,MISS Gallinari 28' 3PT Jump Shot,Missed Shot,Jump Shot,1,3,250
0022000705,345,PT05M59.00S,3,1610612743,DEN,1627750,Murray,J. Murray,0,0,0,,0,,,0,h,Murray REBOUND (Off:0 Def:2),Rebound,Unknown,1,0,251
0022000705,346,PT05M42.00S,3,1610612743,DEN,1629008,Porter Jr.,M. Porter Jr.,202,168,26,Missed,1,,,0,h,MISS Porter Jr. 26' 3PT Jump Shot,Missed Shot,Jump Shot,1,3,252
0022000705,347,PT05M42.00S,3,1610612737,ATL,1628381,Collins,J. Collins,0,0,0,,0,,,0,v,Collins REBOUND (Off:0 Def:4),Rebound,Unknown,1,0,253
0022000705,348,PT05M27.00S,3,1610612737,ATL,201568,Gallinari,D. Gallinari,171,197,26,Missed,1,,,0,v,MISS Gallinari 26' 3PT Jump Shot,Missed Shot,Jump Shot,1,3,254
0022000705,349,PT05M23.00S,3,1610612743,DEN,203999,Jokić,N. Jokić,0,0,0,,0,,,0,h,Jokic REBOUND (Off:2 Def:6),Rebound,Unknown,1,0,255
0022000705,350,PT05M20.00S,3,1610612743,DEN,203115,Barton,W. Barton,94,-5,9,Missed,1,,,0,h,MISS Barton 9' Running Layup,Missed Shot,Running Layup Shot,1,2,256
0022000705,351,PT05M20.00S,3,1610612737,ATL,1628381,Collins,J. Collins,0,0,0,,0,,,0,v,Collins REBOUND (Off:0 Def:5),Rebound,Unknown,1,0,257
0022000705,352,PT05M13.00S,3,1610612737,ATL,203992,Bogdanović,B. Bogdanović,-219,125,25,Missed,1,,,0,v,MISS Bogdanovic 25' 3PT Jump Shot,Missed Shot,Jump Shot,1,3,258
0022000705,353,PT05M13.00S,3,0,,1610612743,,,0,0,0,,0,,,0,h,NUGGETS Rebound,Rebound,Unknown,0,0,259
0022000705,354,PT05M13.00S,3,1610612737,ATL,1628381,Collins,J. Collins,0,0,0,,0,,,0,v,Collins L.B.FOUL (P4.T4) (M.Davis),Foul,Loose Ball,1,0,260
0022000705,356,PT05M13.00S,3,1610612743,DEN,1627750,Murray,J. Murray,0,0,0,,0,,,0,h,SUB: Campazzo FOR Murray,Substitution,,0,0,261
0022000705,357,PT05M13.00S,3,1610612737,ATL,1628381,Collins,J. Collins,0,0,0,,0,,,0,v,SUB: Capela FOR Collins,Substitution,,0,0,262
0022000705,360,PT05M00.00S,3,1610612743,DEN,203999,Jokić,N. Jokić,65,-17,7,Missed,1,,,0,h,MISS Jokic 7' Layup,Missed Shot,Layup Shot,1,2,263
0022000705,361,PT04M59.00S,3,1610612743,DEN,203999,Jokić,N. Jokić,0,0,0,,0,,,0,h,Jokic REBOUND (Off:3 Def:6),Rebound,Unknown,1,0,264
0022000705,362,PT04M59.00S,3,1610612743,DEN,203999,Jokić,N. Jokić,70,-25,7,Made,1,82,67,149,h,Jokic 7' Tip Layup Shot (11 PTS),Made Shot,Tip Layup Shot,1,2,265
0022000705,363,PT04M39.00S,3,1610612743,DEN,1630267,Campazzo,F. Campazzo,0,0,0,,0,,,0,h,Campazzo S.FOUL (P1.T1) (D.Mosher),Foul,Shooting,1,0,266
0022000705,365,PT04M39.00S,3,1610612737,ATL,203503,Snell,T. Snell,0,0,0,,0,82,68,150,v,Snell Free Throw 1 of 2 (4 PTS),Free Throw,Free Throw 1 of 2,1,0,267
0022000705,366,PT04M39.00S,3,1610612743,DEN,203932,Gordon,A. Gordon,0,0,0,,0,,,0,h,SUB: Millsap FOR Gordon,Substitution,,0,0,268
0022000705,367,PT04M39.00S,3,1610612737,ATL,203992,Bogdanović,B. Bogdanović,0,0,0,,0,,,0,v,SUB: Huerter FOR Bogdanovic,Substitution,,0,0,269
0022000705,370,PT04M39.00S,3,1610612737,ATL,203503,Snell,T. Snell,0,0,0,,0,82,69,151,v,Snell Free Throw 2 of 2 (5 PTS),Free Throw,Free Throw 2 of 2,1,0,270
0022000705,371,PT04M31.00S,3,1610612743,DEN,203999,Jokić,N. Jokić,6,276,28,Made,1,85,69,154,h,Jokic 28' 3PT Jump Shot (14 PTS) (Campazzo 1 AST),Made Shot,Jump Shot,1,3,271
0022000705,373,PT04M14.00S,3,1610612737,ATL,1629027,Young,T. Young,0,0,0,,0,,,0,v,Young Out of Bounds - Bad Pass Turnover Turnover (P5.T7),Turnover,Out of Bounds - Bad Pass Turnover,1,0,272
0022000705,374,PT03M59.00S,3,1610612743,DEN,203999,Jokić,N. Jokić,34,77,8,Made,1,87,69,156,h,Jokic 8' Jump Shot (16 PTS),Made Shot,Jump Shot,1,2,273
0022000705,375,PT03M40.00S,3,1610612737,ATL,203991,Capela,C. Capela,67,25,7,Missed,1,,,0,v,MISS Capela 7' Reverse Layup,Missed Shot,Reverse Layup Shot,1,2,274
0022000705,376,PT03M37.00S,3,1610612743,DEN,203999,Jokić,N. Jokić,0,0,0,,0,,,0,h,Jokic REBOUND (Off:3 Def:7),Rebound,Unknown,1,0,275
0022000705,377,PT03M20.00S,3,1610612743,DEN,203999,Jokić,N. Jokić,134,-15,13,Missed,1,,,0,h,MISS Jokic 13' Driving Hook Shot,Missed Shot,Driving Hook Shot,1,2,276
0022000705,378,PT03M15.00S,3,1610612743,DEN,1629008,Porter Jr.,M. Porter Jr.,0,0,0,,0,,,0,h,Porter Jr. REBOUND (Off:2 Def:5),Rebound,Unknown,1,0,277
0022000705,379,PT03M14.00S,3,1610612743,DEN,1629008,Porter Jr.,M. Porter Jr.,47,-4,5,Missed,1,,,0,h,MISS Porter Jr. 5' Tip Layup Shot,Missed Shot,Tip Layup Shot,1,2,278
0022000705,380,PT03M12.00S,3,1610612737,ATL,1629027,Young,T. Young,0,0,0,,0,,,0,v,Young REBOUND (Off:0 Def:2),Rebound,Unknown,1,0,279
0022000705,381,PT03M04.00S,3,1610612737,ATL,1629027,Young,T. Young,93,85,13,Made,1,87,71,158,v,Young 13' Floating Jump Shot (17 PTS),Made Shot,Floating Jump shot,1,2,280
0022000705,382,PT02M49.00S,3,1610612743,DEN,203999,Jokić,N. Jokić,114,246,27,Missed,1,,,0,h,MISS Jokic 27' 3PT Jump Shot,Missed Shot,Jump Shot,1,3,281
0022000705,383,PT02M48.00S,3,1610612743,DEN,1629008,Porter Jr.,M. Porter Jr.,0,0,0,,0,,,0,h,Porter Jr. REBOUND (Off:3 Def:5),Rebound,Unknown,1,0,282
0022000705,389,PT02M48.00S,3,1610612743,DEN,1629008,Porter Jr.,M. Porter Jr.,-8,15,2,Missed,1,,,0,h,MISS Porter Jr. 2' Tip Layup Shot,Missed Shot,Tip Layup Shot,1,2,283
0022000705,390,PT02M47.00S,3,1610612743,DEN,1629008,Porter Jr.,M. Porter Jr.,0,0,0,,0,,,0,h,Porter Jr. REBOUND (Off:4 Def:5),Rebound,Unknown,1,0,284
0022000705,384,PT02M45.00S,3,1610612743,DEN,1629008,Porter Jr.,M. Porter Jr.,0,57,6,Made,1,89,71,160,h,Porter Jr. 6' Fadeaway Jumper (15 PTS),Made Shot,Fadeaway Jump Shot,1,2,285
0022000705,385,PT02M27.00S,3,1610612737,ATL,201568,Gallinari,D. Gallinari,97,52,11,Made,1,89,73,162,v,Gallinari 11' Fadeaway Jumper (12 PTS),Made Shot,Fadeaway Jump Shot,1,2,286
0022000705,386,PT02M07.00S,3,1610612743,DEN,203115,Barton,W. Barton,-134,101,17,Missed,1,,,0,h,MISS Barton 17' Pullup Jump Shot,Missed Shot,Pullup Jump shot,1,2,287
0022000705,387,PT02M03.00S,3,1610612737,ATL,1629027,Young,T. Young,0,0,0,,0,,,0,v,Young REBOUND (Off:0 Def:3),Rebound,Unknown,1,0,288
0022000705,388,PT01M54.00S,3,1610612737,ATL,203991,Capela,C. Capela,9,4,1,Made,1,89,75,164,v,Capela 1' Alley Oop Dunk (10 PTS) (Young 7 AST),Made Shot,Alley Oop Dunk Shot,1,2,289
0022000705,392,PT01M39.00S,3,1610612743,DEN,203999,Jokić,N. Jokić,38,137,14,Missed,1,,,0,h,MISS Jokic 14' Jump Shot,Missed Shot,Jump Shot,1,2,290
0022000705,393,PT01M35.00S,3,1610612743,DEN,200794,Millsap,P. Millsap,0,0,0,,0,,,0,h,Millsap REBOUND (Off:2 Def:1),Rebound,Unknown,1,0,291
0022000705,394,PT01M31.00S,3,1610612743,DEN,1630267,Campazzo,F. Campazzo,100,240,26,Made,1,92,75,167,h,Campazzo 26' 3PT Jump Shot (3 PTS) (Millsap 3 AST),Made Shot,Jump Shot,1,3,292
0022000705,396,PT01M14.00S,3,1610612737,ATL,201568,Gallinari,D. Gallinari,70,178,19,Made,1,92,77,169,v,Gallinari 19' Jump Shot (14 PTS) (Huerter 2 AST),Made Shot,Jump Shot,1,2,293
0022000705,398,PT00M55.60S,3,1610612743,DEN,203999,Jokić,N. Jokić,-67,-8,7,Missed,1,,,0,h,MISS Jokic 7' Layup,Missed Shot,Layup Shot,1,2,294
0022000705,399,PT00M51.90S,3,1610612743,DEN,1629008,Porter Jr.,M. Porter Jr.,0,0,0,,0,,,0,h,Porter Jr. REBOUND (Off:5 Def:5),Rebound,Unknown,1,0,295
0022000705,400,PT00M47.20S,3,1610612743,DEN,200794,Millsap,P. Millsap,94,13,9,Made,1,94,77,171,h,Millsap 9' Floating Jump Shot (8 PTS) (Porter Jr. 3 AST),Made Shot,Floating Jump shot,1,2,296
0022000705,402,PT00M47.20S,3,1610612737,ATL,203503,Snell,T. Snell,0,0,0,,0,,,0,v,Snell S.FOUL (P2.PN) (D.Mosher),Foul,Shooting,1,0,297
0022000705,404,PT00M47.20S,3,1610612743,DEN,200794,Millsap,P. Millsap,0,0,0,,0,95,77,172,h,Millsap Free Throw 1 of 1 (9 PTS),Free Throw,Free Throw 1 of 1,1,0,298
0022000705,405,PT00M47.20S,3,1610612737,ATL,203503,Snell,T. Snell,0,0,0,,0,,,0,v,SUB: S. Hill FOR Snell,Substitution,,0,0,299
0022000705,408,PT00M47.20S,3,1610612743,DEN,203999,Jokić,N. Jokić,0,0,0,,0,,,0,h,SUB: Green FOR Jokic,Substitution,,0,0,300
0022000705,416,PT00M47.20S,3,1610612743,DEN,1629008,Porter Jr.,M. Porter Jr.,0,0,0,,0,,,0,h,SUB: Dozier FOR Porter Jr.,Substitution,,0,0,301
0022000705,418,PT00M47.20S,3,1610612743,DEN,203115,Barton,W. Barton,0,0,0,,0,,,0,h,SUB: Murray FOR Barton,Substitution,,0,0,302
0022000705,407,PT00M28.10S,3,1610612737,ATL,1629027,Young,T. Young,81,-21,8,Made,1,95,79,174,v,Young 8' Turnaround Fadeaway (19 PTS),Made Shot,Turnaround Fadeaway shot,1,2,303
0022000705,410,PT00M05.50S,3,1610612743,DEN,203210,Green,J. Green,81,15,8,Missed,1,,,0,h,MISS Green 8' Cutting Layup Shot,Missed Shot,Cutting Layup Shot,1,2,304
0022000705,411,PT00M05.50S,3,1610612743,DEN,203210,Green,J. Green,0,0,0,,0,,,0,h,Green REBOUND (Off:2 Def:2),Rebound,Unknown,1,0,305
0022000705,412,PT00M04.50S,3,1610612743,DEN,203210,Green,J. Green,0,0,0,Made,1,97,79,176,h,Green Putback Layup (12 PTS),Made Shot,Putback Layup Shot,1,2,306
0022000705,413,PT00M00.00S,3,1610612737,ATL,1628989,Huerter,K. Huerter,203,159,26,Missed,1,,,0,v,MISS Huerter 26' 3PT Jump Shot,Missed Shot,Jump Shot,1,3,307
0022000705,414,PT00M00.00S,3,0,,1610612737,,,0,0,0,,0,,,0,v,Hawks Rebound,Rebound,Unknown,0,0,308
0022000705,415,PT00M00.00S,3,0,,0,,,0,0,0,,0,97,79,176,,End of 3rd Period (10:37 PM EST),period,end,1,0,309
0022000705,422,PT12M00.00S,4,0,,0,,,0,0,0,,0,97,79,176,,Start of 4th Period (10:40 PM EST),period,start,0,0,310
0022000705,423,PT11M48.00S,4,1610612737,ATL,1628989,Huerter,K. Huerter,0,0,0,,0,,,0,v,Huerter Bad Pass Turnover (P1.T8),Turnover,Bad Pass,1,0,311
0022000705,423,PT11M48.00S,4,1610612743,DEN,1627750,Murray,J. Murray,0,0,0,,0,,,0,h,Murray STEAL (1 STL),,,1,0,312
0022000705,425,PT11M42.00S,4,1610612737,ATL,201568,Gallinari,D. Gallinari,0,0,0,,0,,,0,v,Gallinari S.FOUL (P2.T1) (K.Cutler),Foul,Shooting,1,0,313
0022000705,427,PT11M42.00S,4,1610612743,DEN,203210,Green,J. Green,0,0,0,,0,98,79,177,h,Green Free Throw 1 of 2 (13 PTS),Free Throw,Free Throw 1 of 2,1,0,314
0022000705,428,PT11M42.00S,4,1610612743,DEN,203210,Green,J. Green,0,0,0,,0,,,0,h,MISS Green Free Throw 2 of 2,Free Throw,Free Throw 2 of 2,1,0,315
0022000705,429,PT11M39.00S,4,1610612737,ATL,201568,Gallinari,D. Gallinari,0,0,0,,0,,,0,v,Gallinari REBOUND (Off:0 Def:2),Rebound,Unknown,1,0,316
0022000705,430,PT11M27.00S,4,1610612737,ATL,203524,Hill,S. Hill,-232,21,0,Missed,1,,,0,v,MISS S. Hill 3PT Jump Shot,Missed Shot,Jump Shot,1,3,317
0022000705,431,PT11M24.00S,4,1610612743,DEN,200794,Millsap,P. Millsap,0,0,0,,0,,,0,h,Millsap REBOUND (Off:2 Def:2),Rebound,Unknown,1,0,318
0022000705,436,PT11M08.00S,4,1610612743,DEN,1627750,Murray,J. Murray,0,0,0,,0,,,0,h,Murray Traveling Turnover (P4.T8),Turnover,Traveling,1,0,319
0022000705,433,PT10M58.00S,4,1610612743,DEN,1628408,Dozier,P. Dozier,0,0,0,,0,,,0,h,Dozier P.FOUL (P2.T1) (K.Cutler),Foul,Personal,1,0,320
0022000705,437,PT10M45.00S,4,1610612737,ATL,1630219,Mays,S. Mays,0,0,0,,0,,,0,v,Mays Offensive Charge Foul (P1.T2) (M.Davis),Foul,Offensive Charge,1,0,321
0022000705,439,PT10M45.00S,4,1610612737,ATL,1630219,Mays,S. Mays,0,0,0,,0,,,0,v,Mays Offensive Foul Turnover (P1.T9),Turnover,Offensive Foul Turnover,1,0,322
0022000705,440,PT10M29.00S,4,1610612743,DEN,1627750,Murray,J. Murray,83,152,17,Made,1,100,79,179,h,Murray 17' Pullup Jump Shot (17 PTS),Made Shot,Pullup Jump shot,1,2,323
0022000705,441,PT10M11.00S,4,1610612737,ATL,1630219,Mays,S. Mays,182,195,27,Missed,1,,,0,v,MISS Mays 27' 3PT Jump Shot,Missed Shot,Jump Shot,1,3,324
0022000705,442,PT10M08.00S,4,1610612743,DEN,203210,Green,J. Green,0,0,0,,0,,,0,h,Green REBOUND (Off:2 Def:3),Rebound,Unknown,1,0,325
0022000705,443,PT09M56.00S,4,1610612743,DEN,1627750,Murray,J. Murray,122,239,27,Missed,1,,,0,h,MISS Murray 27' 3PT Pullup Jump Shot,Missed Shot,Pullup Jump shot,1,3,326
0022000705,444,PT09M51.00S,4,1610612737,ATL,203991,Capela,C. Capela,0,0,0,,0,,,0,v,Capela REBOUND (Off:1 Def:7),Rebound,Unknown,1,0,327
0022000705,445,PT09M51.00S,4,0,,1610612737,,,0,0,0,,0,,,0,v,Hawks Timeout: Regular (Reg.4 Short 0),Timeout,Regular,0,0,328
0022000705,446,PT09M51.00S,4,1610612737,ATL,203991,Capela,C. Capela,0,0,0,,0,,,0,v,SUB: Young FOR Capela,Substitution,,0,0,329
0022000705,447,PT09M51.00S,4,1610612737,ATL,1630219,Mays,S. Mays,0,0,0,,0,,,0,v,SUB: Collins FOR Mays,Substitution,,0,0,330
0022000705,450,PT09M40.00S,4,1610612743,DEN,200794,Millsap,P. Millsap,0,0,0,,0,,,0,h,Millsap S.FOUL (P2.T2) (M.Davis),Foul,Shooting,1,0,331
0022000705,452,PT09M40.00S,4,1610612737,ATL,1628381,Collins,J. Collins,0,0,0,,0,100,80,180,v,Collins Free Throw 1 of 2 (9 PTS),Free Throw,Free Throw 1 of 2,1,0,332
0022000705,453,PT09M40.00S,4,1610612737,ATL,1628381,Collins,J. Collins,0,0,0,,0,,,0,v,MISS Collins Free Throw 2 of 2,Free Throw,Free Throw 2 of 2,1,0,333
0022000705,454,PT09M37.00S,4,1610612743,DEN,200794,Millsap,P. Millsap,0,0,0,,0,,,0,h,Millsap REBOUND (Off:2 Def:3),Rebound,Unknown,1,0,334
0022000705,455,PT09M24.00S,4,1610612743,DEN,203210,Green,J. Green,232,35,0,Made,1,103,80,183,h,Green 3PT Jump Shot (16 PTS) (Campazzo 2 AST),Made Shot,Jump Shot,1,3,335
0022000705,458,PT09M03.00S,4,1610612737,ATL,1628989,Huerter,K. Huerter,0,0,0,,0,,,0,v,Huerter Lost Ball Turnover (P2.T10),Turnover,Lost Ball,1,0,336
0022000705,458,PT09M03.00S,4,1610612743,DEN,203210,Green,J. Green,0,0,0,,0,,,0,h,Green STEAL (1 STL),,,1,0,337
0022000705,460,PT09M00.00S,4,1610612737,ATL,203524,Hill,S. Hill,0,0,0,,0,,,0,v,S. Hill S.FOUL (P1.T3) (M.Davis),Foul,Shooting,1,0,338
0022000705,462,PT09M00.00S,4,1610612743,DEN,203210,Green,J. Green,0,0,0,,0,104,80,184,h,Green Free Throw 1 of 2 (17 PTS),Free Throw,Free Throw 1 of 2,1,0,339
0022000705,463,PT09M00.00S,4,1610612743,DEN,203210,Green,J. Green,0,0,0,,0,105,80,185,h,Green Free Throw 2 of 2 (18 PTS),Free Throw,Free Throw 2 of 2,1,0,340
0022000705,464,PT08M37.00S,4,1610612737,ATL,1629027,Young,T. Young,0,0,0,,0,,,0,v,Young Bad Pass Turnover (P6.T11),Turnover,Bad Pass,1,0,341
0022000705,464,PT08M37.00S,4,1610612743,DEN,1630267,Campazzo,F. Campazzo,0,0,0,,0,,,0,h,Campazzo STEAL (1 STL),,,1,0,342
0022000705,466,PT08M35.00S,4,1610612737,ATL,201568,Gallinari,D. Gallinari,0,0,0,,0,,,0,v,Gallinari Personal Take Foul (P3.T4) (K.Cutler),Foul,Personal Take,1,0,343
0022000705,468,PT08M15.00S,4,1610612743,DEN,200794,Millsap,P. Millsap,24,269,27,Missed,1,,,0,h,MISS Millsap 27' 3PT Jump Shot,Missed Shot,Jump Shot,1,3,344
0022000705,469,PT08M10.00S,4,1610612737,ATL,1629027,Young,T. Young,0,0,0,,0,,,0,v,Young REBOUND (Off:0 Def:4),Rebound,Unknown,1,0,345
0022000705,470,PT08M03.00S,4,1610612743,DEN,1628408,Dozier,P. Dozier,0,0,0,,0,,,0,h,Dozier S.FOUL (P3.T3) (K.Cutler),Foul,Shooting,1,0,346
0022000705,472,PT08M03.00S,4,1610612737,ATL,1628381,Collins,J. Collins,0,0,0,,0,105,81,186,v,Collins Free Throw 1 of 2 (10 PTS),Free Throw,Free Throw 1 of 2,1,0,347
0022000705,473,PT08M03.00S,4,1610612743,DEN,1627750,Murray,J. Murray,0,0,0,,0,,,0,h,SUB: Barton FOR Murray,Substitution,,0,0,348
0022000705,475,PT08M03.00S,4,1610612737,ATL,1628381,Collins,J. Collins,0,0,0,,0,105,82,187,v,Collins Free Throw 2 of 2 (11 PTS),Free Throw,Free Throw 2 of 2,1,0,349
0022000705,476,PT07M50.00S,4,1610612743,DEN,203210,Green,J. Green,-37,71,8,Made,1,107,82,189,h,Green 8' Floating Jump Shot (20 PTS) (Campazzo 3 AST),Made Shot,Floating Jump shot,1,2,350
0022000705,478,PT07M35.00S,4,1610612743,DEN,1630267,Campazzo,F. Campazzo,0,0,0,,0,,,0,h,Campazzo P.FOUL (P2.T4) (M.Davis),Foul,Personal,1,0,351
0022000705,480,PT07M27.00S,4,1610612737,ATL,1628989,Huerter,K. Huerter,227,50,0,Missed,1,,,0,v,MISS Huerter 3PT Jump Shot,Missed Shot,Jump Shot,1,3,352
0022000705,481,PT07M24.00S,4,1610612743,DEN,203210,Green,J. Green,0,0,0,,0,,,0,h,Green REBOUND (Off:2 Def:4),Rebound,Unknown,1,0,353
0022000705,482,PT07M10.00S,4,1610612743,DEN,1628408,Dozier,P. Dozier,25,147,15,Missed,1,,,0,h,MISS Dozier 15' Pullup Jump Shot,Missed Shot,Pullup Jump shot,1,2,354
0022000705,483,PT07M05.00S,4,1610612737,ATL,1629027,Young,T. Young,0,0,0,,0,,,0,v,Young REBOUND (Off:0 Def:5),Rebound,Unknown,1,0,355
0022000705,484,PT06M59.00S,4,1610612737,ATL,1629027,Young,T. Young,0,0,0,,0,,,0,v,Young Bad Pass Turnover (P7.T12),Turnover,Bad Pass,1,0,356
0022000705,484,PT06M59.00S,4,1610612743,DEN,200794,Millsap,P. Millsap,0,0,0,,0,,,0,h,Millsap STEAL (1 STL),,,1,0,357
0022000705,486,PT06M48.00S,4,1610612743,DEN,203210,Green,J. Green,7,263,26,Missed,1,,,0,h,MISS Green 26' 3PT Jump Shot,Missed Shot,Jump Shot,1,3,358
0022000705,487,PT06M42.00S,4,1610612737,ATL,203524,Hill,S. Hill,0,0,0,,0,,,0,v,S. Hill REBOUND (Off:0 Def:2),Rebound,Unknown,1,0,359
0022000705,488,PT06M37.00S,4,1610612743,DEN,1628408,Dozier,P. Dozier,0,0,0,,0,,,0,h,Dozier S.FOUL (P4.PN) (M.Davis),Foul,Shooting,1,0,360
0022000705,490,PT06M37.00S,4,0,,1610612743,,,0,0,0,,0,,,0,h,NUGGETS Timeout: Regular (Full 4 Short 0),Timeout,Regular,0,0,361
0022000705,491,PT06M37.00S,4,1610612737,ATL,1628989,Huerter,K. Huerter,0,0,0,,0,,,0,v,SUB: Goodwin FOR Huerter,Substitution,,0,0,362
0022000705,492,PT06M37.00S,4,1610612737,ATL,201568,Gallinari,D. Gallinari,0,0,0,,0,,,0,v,SUB: Knight FOR Gallinari,Substitution,,0,0,363
0022000705,493,PT06M37.00S,4,1610612737,ATL,1628381,Collins,J. Collins,0,0,0,,0,,,0,v,SUB: Okongwu FOR Collins,Substitution,,0,0,364
0022000705,497,PT06M37.00S,4,1610612737,ATL,1629027,Young,T. Young,0,0,0,,0,107,83,190,v,Young Free Throw 1 of 2 (20 PTS),Free Throw,Free Throw 1 of 2,1,0,365
0022000705,498,PT06M37.00S,4,1610612737,ATL,1629027,Young,T. Young,0,0,0,,0,107,84,191,v,Young Free Throw 2 of 2 (21 PTS),Free Throw,Free Throw 2 of 2,1,0,366
0022000705,499,PT06M34.00S,4,1610612737,ATL,1629027,Young,T. Young,0,0,0,,0,,,0,v,Young Personal Take Foul (P2.PN) (D.Mosher),Foul,Personal Take,0,0,367
0022000705,515,PT06M34.00S,4,1610612737,ATL,1629027,Young,T. Young,0,0,0,,0,,,0,v,SUB: Mays FOR Young,Substitution,,0,0,368
0022000705,501,PT06M23.00S,4,1610612743,DEN,203210,Green,J. Green,-27,50,6,Missed,1,,,0,h,MISS Green 6' Layup,Missed Shot,Layup Shot,1,2,369
0022000705,501,PT06M23.00S,4,1610612737,ATL,1630168,Okongwu,O. Okongwu,0,0,0,,0,,,0,v,Okongwu BLOCK (2 BLK),,,1,2,370
0022000705,503,PT06M18.00S,4,1610612743,DEN,203210,Green,J. Green,0,0,0,,0,,,0,h,Green REBOUND (Off:3 Def:4),Rebound,Unknown,1,0,371
0022000705,504,PT06M15.00S,4,1610612743,DEN,1628408,Dozier,P. Dozier,-141,226,27,Missed,1,,,0,h,MISS Dozier 27' 3PT Jump Shot,Missed Shot,Jump Shot,1,3,372
0022000705,505,PT06M10.00S,4,1610612737,ATL,1630168,Okongwu,O. Okongwu,0,0,0,,0,,,0,v,Okongwu REBOUND (Off:0 Def:2),Rebound,Unknown,1,0,373
0022000705,506,PT06M03.00S,4,1610612743,DEN,203115,Barton,W. Barton,0,0,0,,0,,,0,h,Barton P.FOUL (P1.PN) (D.Mosher),Foul,Personal,1,0,374
0022000705,508,PT06M03.00S,4,1610612737,ATL,1630168,Okongwu,O. Okongwu,0,0,0,,0,,,0,v,MISS Okongwu Free Throw 1 of 2,Free Throw,Free Throw 1 of 2,1,0,375
0022000705,509,PT06M03.00S,4,0,,1610612737,,,0,0,0,,0,,,0,v,Hawks Rebound,Rebound,Normal Rebound,0,0,376
0022000705,535,PT06M03.00S,4,1610612743,DEN,200794,Millsap,P. Millsap,0,0,0,,0,,,0,h,SUB: Nnaji FOR Millsap,Substitution,,0,0,377
0022000705,514,PT06M03.00S,4,1610612737,ATL,1630168,Okongwu,O. Okongwu,0,0,0,,0,107,85,192,v,Okongwu Free Throw 2 of 2 (1 PTS),Free Throw,Free Throw 2 of 2,1,0,378
0022000705,517,PT05M50.00S,4,1610612743,DEN,203115,Barton,W. Barton,-6,157,16,Missed,1,,,0,h,MISS Barton 16' Turnaround Jump Shot,Missed Shot,Turnaround Jump Shot,1,2,379
0022000705,518,PT05M46.00S,4,1610612737,ATL,1630168,Okongwu,O. Okongwu,0,0,0,,0,,,0,v,Okongwu REBOUND (Off:0 Def:3),Rebound,Unknown,1,0,380
0022000705,519,PT05M38.00S,4,1610612737,ATL,203524,Hill,S. Hill,-223,117,25,Missed,1,,,0,v,MISS S. Hill 25' 3PT Jump Shot,Missed Shot,Jump Shot,1,3,381
0022000705,520,PT05M34.00S,4,1610612743,DEN,203115,Barton,W. Barton,0,0,0,,0,,,0,h,Barton REBOUND (Off:1 Def:5),Rebound,Unknown,1,0,382
0022000705,521,PT05M20.00S,4,1610612743,DEN,1630267,Campazzo,F. Campazzo,197,172,26,Made,1,110,85,195,h,Campazzo 26' 3PT Jump Shot (6 PTS) (Green 1 AST),Made Shot,Jump Shot,1,3,383
0022000705,523,PT04M59.00S,4,1610612743,DEN,1630192,Nnaji,Z. Nnaji,0,0,0,,0,,,0,h,Nnaji S.FOUL (P1.PN) (K.Cutler),Foul,Shooting,1,0,384
0022000705,525,PT04M59.00S,4,1610612737,ATL,1630233,Knight,N. Knight,0,0,0,,0,110,86,196,v,Knight Free Throw 1 of 2 (1 PTS),Free Throw,Free Throw 1 of 2,1,0,385
0022000705,532,PT04M59.00S,4,1610612737,ATL,1630233,Knight,N. Knight,0,0,0,,0,,,0,v,MISS Knight Free Throw 2 of 2,Free Throw,Free Throw 2 of 2,1,0,386
0022000705,533,PT04M59.00S,4,1610612743,DEN,1628408,Dozier,P. Dozier,0,0,0,,0,,,0,h,Dozier REBOUND (Off:0 Def:2),Rebound,Unknown,1,0,387
0022000705,526,PT04M59.00S,4,1610612743,DEN,203210,Green,J. Green,0,0,0,,0,,,0,h,SUB: Bol FOR Green,Substitution,,0,0,388
0022000705,528,PT04M59.00S,4,1610612743,DEN,203115,Barton,W. Barton,0,0,0,,0,,,0,h,SUB: Cancar FOR Barton,Substitution,,0,0,389
0022000705,534,PT04M44.00S,4,1610612743,DEN,1630192,Nnaji,Z. Nnaji,195,164,25,Made,1,113,86,199,h,Nnaji 25' 3PT Jump Shot (3 PTS) (Campazzo 4 AST),Made Shot,Jump Shot,1,3,390
0022000705,537,PT04M25.00S,4,1610612737,ATL,1629164,Goodwin,B. Goodwin,36,-8,4,Made,1,113,88,201,v,Goodwin 4' Driving Layup (2 PTS),Made Shot,Driving Layup Shot,1,2,391
0022000705,538,PT04M25.00S,4,0,,1610612743,,,0,0,0,,0,,,0,h,NUGGETS Timeout: Regular (Full 5 Short 0),Timeout,Regular,0,0,392
0022000705,540,PT04M25.00S,4,1610612743,DEN,1628408,Dozier,P. Dozier,0,0,0,,0,,,0,h,SUB: Howard FOR Dozier,Substitution,,0,0,393
0022000705,541,PT04M25.00S,4,1610612737,ATL,203524,Hill,S. Hill,0,0,0,,0,,,0,v,SUB: Fernando FOR S. Hill,Substitution,,0,0,394
0022000705,544,PT04M14.00S,4,1610612737,ATL,1630168,Okongwu,O. Okongwu,0,0,0,,0,,,0,v,Okongwu S.FOUL (P1.PN) (K.Cutler),Foul,Shooting,1,0,395
0022000705,546,PT04M14.00S,4,1610612743,DEN,1630192,Nnaji,Z. Nnaji,0,0,0,,0,114,88,202,h,Nnaji Free Throw 1 of 2 (4 PTS),Free Throw,Free Throw 1 of 2,1,0,396
0022000705,547,PT04M14.00S,4,1610612743,DEN,1630192,Nnaji,Z. Nnaji,0,0,0,,0,115,88,203,h,Nnaji Free Throw 2 of 2 (5 PTS),Free Throw,Free Throw 2 of 2,1,0,397
0022000705,548,PT04M00.00S,4,1610612743,DEN,1629626,Bol,B. Bol,0,0,0,,0,,,0,h,Bol S.FOUL (P1.PN) (D.Mosher),Foul,Shooting,1,0,398
0022000705,550,PT04M00.00S,4,1610612737,ATL,1630233,Knight,N. Knight,0,0,0,,0,115,89,204,v,Knight Free Throw 1 of 2 (2 PTS),Free Throw,Free Throw 1 of 2,1,0,399
0022000705,551,PT04M00.00S,4,1610612737,ATL,1630233,Knight,N. Knight,0,0,0,,0,115,90,205,v,Knight Free Throw 2 of 2 (3 PTS),Free Throw,Free Throw 2 of 2,1,0,400
0022000705,552,PT03M48.00S,4,1610612743,DEN,1628427,Čančar,V. Čančar,229,50,0,Made,1,118,90,208,h,Cancar 3PT Jump Shot (3 PTS) (Campazzo 5 AST),Made Shot,Jump Shot,1,3,401
0022000705,554,PT03M34.00S,4,1610612737,ATL,1629164,Goodwin,B. Goodwin,167,204,26,Missed,1,,,0,v,MISS Goodwin 26' 3PT Jump Shot,Missed Shot,Jump Shot,1,3,402
0022000705,555,PT03M30.00S,4,1610612743,DEN,1628427,Čančar,V. Čančar,0,0,0,,0,,,0,h,Cancar REBOUND (Off:0 Def:1),Rebound,Unknown,1,0,403
0022000705,556,PT03M16.00S,4,1610612743,DEN,1629626,Bol,B. Bol,95,74,12,Made,1,120,90,210,h,Bol 12' Driving Floating Jump Shot (2 PTS) (Howard 1 AST),Made Shot,Driving Floating Jump Shot,1,2,404
0022000705,560,PT02M50.00S,4,1610612737,ATL,1630219,Mays,S. Mays,-112,270,29,Missed,1,,,0,v,MISS Mays 29' 3PT Jump Shot,Missed Shot,Jump Shot,1,3,405
0022000705,561,PT02M46.00S,4,1610612743,DEN,1629626,Bol,B. Bol,0,0,0,,0,,,0,h,Bol REBOUND (Off:0 Def:1),Rebound,Unknown,1,0,406
0022000705,562,PT02M40.00S,4,1610612743,DEN,1629626,Bol,B. Bol,43,267,27,Made,1,123,90,213,h,Bol 27' 3PT Pullup Jump Shot (5 PTS),Made Shot,Pullup Jump shot,1,3,407
0022000705,563,PT02M24.00S,4,1610612737,ATL,1630219,Mays,S. Mays,-136,15,14,Missed,1,,,0,v,MISS Mays 14' Driving Floating Bank Jump Shot,Missed Shot,Driving Floating Bank Jump Shot,1,2,408
0022000705,564,PT02M22.00S,4,1610612743,DEN,1630192,Nnaji,Z. Nnaji,0,0,0,,0,,,0,h,Nnaji REBOUND (Off:0 Def:1),Rebound,Unknown,1,0,409
0022000705,565,PT02M16.00S,4,1610612743,DEN,1630210,Howard,M. Howard,-145,214,26,Missed,1,,,0,h,MISS Howard 26' 3PT Jump Shot,Missed Shot,Jump Shot,1,3,410
0022000705,566,PT02M14.00S,4,1610612737,ATL,1628981,Fernando,B. Fernando,0,0,0,,0,,,0,v,Fernando REBOUND (Off:0 Def:1),Rebound,Unknown,1,0,411
0022000705,567,PT01M57.00S,4,1610612737,ATL,1630233,Knight,N. Knight,129,218,25,Missed,1,,,0,v,MISS Knight 25' 3PT Pullup Jump Shot,Missed Shot,Pullup Jump shot,1,3,412
0022000705,568,PT01M53.00S,4,1610612743,DEN,1630192,Nnaji,Z. Nnaji,0,0,0,,0,,,0,h,Nnaji REBOUND (Off:0 Def:2),Rebound,Unknown,1,0,413
0022000705,569,PT01M36.00S,4,1610612743,DEN,1630267,Campazzo,F. Campazzo,0,0,0,,0,,,0,h,Campazzo Bad Pass Turnover (P2.T9),Turnover,Bad Pass,1,0,414
0022000705,569,PT01M36.00S,4,1610612737,ATL,1630168,Okongwu,O. Okongwu,0,0,0,,0,,,0,v,Okongwu STEAL (1 STL),,,1,0,415
0022000705,571,PT01M34.00S,4,1610612743,DEN,1630210,Howard,M. Howard,0,0,0,,0,,,0,h,Howard S.FOUL (P1.PN) (D.Mosher),Foul,Shooting,1,0,416
0022000705,573,PT01M34.00S,4,1610612737,ATL,1630233,Knight,N. Knight,0,0,0,,0,123,91,214,v,Knight Free Throw 1 of 2 (4 PTS),Free Throw,Free Throw 1 of 2,1,0,417
0022000705,574,PT01M34.00S,4,1610612737,ATL,1630233,Knight,N. Knight,0,0,0,,0,123,92,215,v,Knight Free Throw 2 of 2 (5 PTS),Free Throw,Free Throw 2 of 2,1,0,418
0022000705,575,PT01M24.00S,4,1610612743,DEN,1630210,Howard,M. Howard,0,0,0,,0,,,0,h,Howard Bad Pass Turnover (P1.T10),Turnover,Bad Pass,1,0,419
0022000705,575,PT01M24.00S,4,1610612737,ATL,1629164,Goodwin,B. Goodwin,0,0,0,,0,,,0,v,Goodwin STEAL (1 STL),,,1,0,420
0022000705,577,PT01M22.00S,4,1610612737,ATL,1630219,Mays,S. Mays,49,5,5,Made,1,123,94,217,v,Mays 5' Running Layup (5 PTS) (Goodwin 1 AST),Made Shot,Running Layup Shot,1,2,421
0022000705,579,PT01M12.00S,4,1610612743,DEN,1629626,Bol,B. Bol,149,253,29,Made,1,126,94,220,h,Bol 29' 3PT Step Back Jump Shot (8 PTS),Made Shot,Step Back Jump shot,1,3,422
0022000705,580,PT00M58.90S,4,1610612737,ATL,1629164,Goodwin,B. Goodwin,93,253,27,Made,1,126,97,223,v,Goodwin 27' 3PT Pullup Jump Shot (5 PTS),Made Shot,Pullup Jump shot,1,3,423
0022000705,581,PT00M49.70S,4,1610612743,DEN,1630210,Howard,M. Howard,2,278,28,Missed,1,,,0,h,MISS Howard 28' 3PT Jump Shot,Missed Shot,Jump Shot,1,3,424
0022000705,582,PT00M46.90S,4,1610612737,ATL,1630233,Knight,N. Knight,0,0,0,,0,,,0,v,Knight REBOUND (Off:0 Def:1),Rebound,Unknown,1,0,425
0022000705,583,PT00M39.30S,4,1610612737,ATL,1629164,Goodwin,B. Goodwin,63,1,6,Made,1,126,99,225,v,Goodwin 6' Driving Layup (7 PTS),Made Shot,Driving Layup Shot,1,2,426
0022000705,584,PT00M23.40S,4,1610612743,DEN,1630210,Howard,M. Howard,-64,-10,6,Missed,1,,,0,h,MISS Howard 6' Driving Layup,Missed Shot,Driving Layup Shot,1,2,427
0022000705,585,PT00M21.10S,4,1610612737,ATL,1630219,Mays,S. Mays,0,0,0,,0,,,0,v,Mays REBOUND (Off:0 Def:2),Rebound,Unknown,1,0,428
0022000705,586,PT00M15.90S,4,1610612737,ATL,1628981,Fernando,B. Fernando,-23,18,3,Made,1,126,101,227,v,Fernando 3' Layup (2 PTS) (Mays 1 AST),Made Shot,Layup Shot,1,2,429
0022000705,588,PT00M15.90S,4,1610612743,DEN,1628427,Čančar,V. Čančar,0,0,0,,0,,,0,h,Cancar S.FOUL (P1.PN) (M.Davis),Foul,Shooting,1,0,430
0022000705,590,PT00M15.90S,4,1610612737,ATL,1628981,Fernando,B. Fernando,0,0,0,,0,126,102,228,v,Fernando Free Throw 1 of 1 (3 PTS),Free Throw,Free Throw 1 of 1,0,0,431
0022000705,591,PT00M00.00S,4,0,,0,,,0,0,0,,0,126,102,228,,End of 4th Period (11:10 PM EST),period,end,1,0,432
