gameId,teamId,teamCity,teamName,teamTricode,teamSlug,personIdOff,firstNameOff,familyNameOff,nameIOff,playerSlugOff,positionOff,commentOff,jerseyNumOff,personIdDef,firstNameDef,familyNameDef,nameIDef,playerSlugDef,jerseyNumDef,matchupMinutes,matchupMinutesSort,partialPossessions,percentageDefenderTotalTime,percentageOffensiveTotalTime,percentageTotalTimeBothOn,switchesOn,playerPoints,teamPoints,matchupAssists,matchupPotentialAssists,matchupTurnovers,matchupBlocks,matchupFieldGoalsMade,matchupFieldGoalsAttempted,matchupFieldGoalsPercentage,matchupThreePointersMade,matchupThreePointersAttempted,matchupThreePointersPercentage,helpBlocks,helpFieldGoalsMade,helpFieldGoalsAttempted,helpFieldGoalsPercentage,matchupFreeThrowsMade,matchupFreeThrowsAttempted,shootingFouls
0022000219,1610612737,Atlanta,Hawks,ATL,hawks,203524,Solomon,Hill,S. Hill,solomon-hill,F,,18,201961,Wayne,Ellington,W. Ellington,wayne-ellington,8,1:27,87.2,6.6,0.108,0.092,0.117,0,0,9,0,0,0,0,0,2,0.0,0,1,0.0,0,0,0,0.0,0,0,0
0022000219,1610612737,Atlanta,Hawks,ATL,hawks,203524,Solomon,Hill,S. Hill,solomon-hill,F,,18,203924,Jerami,Grant,J. Grant,jerami-grant,9,8:50,530.4,41.9,0.529,0.558,0.611,0,6,44,2,0,0,0,2,3,0.667,2,3,0.667,0,0,0,0.0,0,0,0
0022000219,1610612737,Atlanta,Hawks,ATL,hawks,203524,Solomon,Hill,S. Hill,solomon-hill,F,,18,201933,Blake,Griffin,B. Griffin,blake-griffin,23,1:11,70.8,5.4,0.077,0.074,0.087,0,0,4,0,0,1,0,0,0,0.0,0,0,0.0,0,0,0,0.0,0,0,0
0022000219,1610612737,Atlanta,Hawks,ATL,hawks,203524,Solomon,Hill,S. Hill,solomon-hill,F,,18,1628367,Josh,Jackson,J. Jackson,josh-jackson,20,0:14,13.6,1.2,0.03,0.014,0.062,0,0,2,0,0,0,0,0,1,0.0,0,1,0.0,0,0,0,0.0,0,0,0
0022000219,1610612737,Atlanta,Hawks,ATL,hawks,203524,Solomon,Hill,S. Hill,solomon-hill,F,,18,1629004,Svi,Mykhailiuk,S. Mykhailiuk,svi-mykhailiuk,19,1:21,81.0,7.2,0.313,0.085,0.414,0,0,7,0,0,0,0,0,1,0.0,0,1,0.0,0,0,0,0.0,0,0,0
0022000219,1610612737,Atlanta,Hawks,ATL,hawks,203524,Solomon,Hill,S. Hill,solomon-hill,F,,18,1626143,Jahlil,Okafor,J. Okafor,jahlil-okafor,13,0:06,5.8,0.3,0.027,0.006,0.036,0,0,0,0,0,0,0,0,0,0.0,0,0,0.0,0,0,0,0.0,0,0,0
0022000219,1610612737,Atlanta,Hawks,ATL,hawks,203524,Solomon,Hill,S. Hill,solomon-hill,F,,18,203486,Mason,Plumlee,M. Plumlee,mason-plumlee,24,0:27,27.3,3.0,0.044,0.029,0.046,0,0,2,0,0,0,0,0,1,0.0,0,0,0.0,0,0,0,0.0,0,0,0
0022000219,1610612737,Atlanta,Hawks,ATL,hawks,203524,Solomon,Hill,S. Hill,solomon-hill,F,,18,201565,Derrick,Rose,D. Rose,derrick-rose,25,0:45,45.0,3.7,0.065,0.047,0.099,0,0,4,0,0,0,0,0,0,0.0,0,0,0.0,0,0,0,0.0,0,0,0
0022000219,1610612737,Atlanta,Hawks,ATL,hawks,203524,Solomon,Hill,S. Hill,solomon-hill,F,,18,1630191,Isaiah,Stewart,I. Stewart,isaiah-stewart,28,0:05,5.0,0.7,0.013,0.005,0.029,0,0,0,0,0,0,0,0,0,0.0,0,0,0.0,0,0,0,0.0,0,0,0
0022000219,1610612737,Atlanta,Hawks,ATL,hawks,203524,Solomon,Hill,S. Hill,solomon-hill,F,,18,1626153,Delon,Wright,D. Wright,delon-wright,55,0:16,15.7,1.0,0.027,0.016,0.03,0,0,6,1,0,0,0,0,0,0.0,0,0,0.0,0,0,0,0.0,0,0,0
0022000219,1610612737,Atlanta,Hawks,ATL,hawks,1628381,John,Collins,J. Collins,john-collins,F,,20,1630180,Saddiq,Bey,S. Bey,saddiq-bey,41,0:15,15.2,1.7,0.078,0.014,0.184,0,0,0,0,0,0,0,0,0,0.0,0,0,0.0,0,0,0,0.0,0,0,0
0022000219,1610612737,Atlanta,Hawks,ATL,hawks,1628381,John,Collins,J. Collins,john-collins,F,,20,201961,Wayne,Ellington,W. Ellington,wayne-ellington,8,0:39,38.5,3.5,0.048,0.037,0.048,0,4,12,0,0,0,0,2,2,1.0,0,0,0.0,0,0,0,0.0,0,0,0
0022000219,1610612737,Atlanta,Hawks,ATL,hawks,1628381,John,Collins,J. Collins,john-collins,F,,20,203924,Jerami,Grant,J. Grant,jerami-grant,9,1:44,104.2,7.6,0.104,0.099,0.115,0,8,13,0,0,0,0,4,5,0.8,0,0,0.0,0,0,0,0.0,0,0,0
0022000219,1610612737,Atlanta,Hawks,ATL,hawks,1628381,John,Collins,J. Collins,john-collins,F,,20,201933,Blake,Griffin,B. Griffin,blake-griffin,23,9:19,558.8,43.8,0.607,0.533,0.607,0,11,55,0,0,2,0,5,13,0.385,1,3,0.333,0,0,0,0.0,0,0,0
0022000219,1610612737,Atlanta,Hawks,ATL,hawks,1628381,John,Collins,J. Collins,john-collins,F,,20,1628367,Josh,Jackson,J. Jackson,josh-jackson,20,0:20,20.2,1.6,0.044,0.019,0.08,0,2,2,0,0,0,0,1,1,1.0,0,0,0.0,0,0,0,0.0,0,0,0
0022000219,1610612737,Atlanta,Hawks,ATL,hawks,1628381,John,Collins,J. Collins,john-collins,F,,20,1629004,Svi,Mykhailiuk,S. Mykhailiuk,svi-mykhailiuk,19,0:09,9.0,1.2,0.035,0.009,0.055,0,0,0,0,0,0,0,0,0,0.0,0,0,0.0,0,0,0,0.0,0,0,0
0022000219,1610612737,Atlanta,Hawks,ATL,hawks,1628381,John,Collins,J. Collins,john-collins,F,,20,1626143,Jahlil,Okafor,J. Okafor,jahlil-okafor,13,0:34,33.9,2.5,0.155,0.032,0.155,0,0,0,0,0,0,0,0,1,0.0,0,0,0.0,0,0,0,0.0,0,0,0
0022000219,1610612737,Atlanta,Hawks,ATL,hawks,1628381,John,Collins,J. Collins,john-collins,F,,20,203486,Mason,Plumlee,M. Plumlee,mason-plumlee,24,1:47,107.1,10.8,0.171,0.102,0.173,0,12,24,0,0,0,0,4,7,0.571,0,0,0.0,0,0,0,0.0,4,5,1
0022000219,1610612737,Atlanta,Hawks,ATL,hawks,1628381,John,Collins,J. Collins,john-collins,F,,20,201565,Derrick,Rose,D. Rose,derrick-rose,25,0:41,40.8,2.9,0.059,0.039,0.083,0,0,4,0,0,0,0,0,0,0.0,0,0,0.0,0,0,0,0.0,0,0,0
0022000219,1610612737,Atlanta,Hawks,ATL,hawks,1628381,John,Collins,J. Collins,john-collins,F,,20,1630191,Isaiah,Stewart,I. Stewart,isaiah-stewart,28,0:25,25.3,2.0,0.066,0.024,0.133,0,0,0,0,0,0,0,0,0,0.0,0,0,0.0,0,0,0,0.0,0,0,0
0022000219,1610612737,Atlanta,Hawks,ATL,hawks,1628381,John,Collins,J. Collins,john-collins,F,,20,1626153,Delon,Wright,D. Wright,delon-wright,55,0:58,57.5,4.4,0.097,0.055,0.097,0,0,3,0,0,0,0,0,1,0.0,0,0,0.0,0,0,0,0.0,0,0,0
0022000219,1610612737,Atlanta,Hawks,ATL,hawks,203991,Clint,Capela,C. Capela,clint-capela,C,,15,1630180,Saddiq,Bey,S. Bey,saddiq-bey,41,0:06,6.3,0.5,0.033,0.007,0.122,0,0,0,0,0,0,0,0,2,0.0,0,0,0.0,0,0,0,0.0,0,0,0
0022000219,1610612737,Atlanta,Hawks,ATL,hawks,203991,Clint,Capela,C. Capela,clint-capela,C,,15,1629635,Sekou,Doumbouya,S. Doumbouya,sekou-doumbouya,45,0:03,3.0,0.2,0.026,0.003,0.057,0,0,0,0,0,0,0,0,1,0.0,0,0,0.0,0,0,0,0.0,0,0,0
0022000219,1610612737,Atlanta,Hawks,ATL,hawks,203991,Clint,Capela,C. Capela,clint-capela,C,,15,201961,Wayne,Ellington,W. Ellington,wayne-ellington,8,0:44,43.7,3.7,0.054,0.049,0.065,0,2,8,0,0,0,0,1,2,0.5,0,0,0.0,0,0,0,0.0,0,0,0
0022000219,1610612737,Atlanta,Hawks,ATL,hawks,203991,Clint,Capela,C. Capela,clint-capela,C,,15,203924,Jerami,Grant,J. Grant,jerami-grant,9,0:59,58.7,5.8,0.059,0.065,0.083,0,2,11,0,0,0,0,1,2,0.5,0,0,0.0,0,0,0,0.0,0,0,0
0022000219,1610612737,Atlanta,Hawks,ATL,hawks,203991,Clint,Capela,C. Capela,clint-capela,C,,15,201933,Blake,Griffin,B. Griffin,blake-griffin,23,2:30,150.1,14.5,0.163,0.167,0.186,0,7,22,1,0,0,0,3,5,0.6,0,0,0.0,0,0,0,0.0,1,1,1
0022000219,1610612737,Atlanta,Hawks,ATL,hawks,203991,Clint,Capela,C. Capela,clint-capela,C,,15,1628367,Josh,Jackson,J. Jackson,josh-jackson,20,0:12,12.2,1.1,0.027,0.014,0.051,0,0,3,0,0,0,0,0,0,0.0,0,0,0.0,0,0,0,0.0,0,0,0
0022000219,1610612737,Atlanta,Hawks,ATL,hawks,203991,Clint,Capela,C. Capela,clint-capela,C,,15,1629004,Svi,Mykhailiuk,S. Mykhailiuk,svi-mykhailiuk,19,0:13,12.6,1.5,0.049,0.014,0.09,0,0,3,0,0,0,0,0,0,0.0,0,0,0.0,0,0,0,0.0,0,0,0
0022000219,1610612737,Atlanta,Hawks,ATL,hawks,203991,Clint,Capela,C. Capela,clint-capela,C,,15,1626143,Jahlil,Okafor,J. Okafor,jahlil-okafor,13,1:58,118.4,8.3,0.541,0.132,0.689,0,2,8,0,0,0,0,1,2,0.5,0,0,0.0,0,0,0,0.0,0,0,0
0022000219,1610612737,Atlanta,Hawks,ATL,hawks,203991,Clint,Capela,C. Capela,clint-capela,C,,15,203486,Mason,Plumlee,M. Plumlee,mason-plumlee,24,6:54,413.6,32.3,0.66,0.459,0.687,0,13,37,0,0,0,0,5,9,0.556,0,0,0.0,0,0,0,0.0,3,4,1
0022000219,1610612737,Atlanta,Hawks,ATL,hawks,203991,Clint,Capela,C. Capela,clint-capela,C,,15,201565,Derrick,Rose,D. Rose,derrick-rose,25,0:26,26.1,2.0,0.038,0.029,0.066,0,2,5,0,0,0,0,1,3,0.333,0,0,0.0,0,0,0,0.0,0,0,0
0022000219,1610612737,Atlanta,Hawks,ATL,hawks,203991,Clint,Capela,C. Capela,clint-capela,C,,15,1630191,Isaiah,Stewart,I. Stewart,isaiah-stewart,28,1:53,113.3,9.7,0.294,0.126,0.899,0,2,6,0,0,0,0,1,1,1.0,0,0,0.0,0,0,0,0.0,0,1,1
0022000219,1610612737,Atlanta,Hawks,ATL,hawks,203991,Clint,Capela,C. Capela,clint-capela,C,,15,1626153,Delon,Wright,D. Wright,delon-wright,55,0:31,30.7,2.7,0.052,0.034,0.057,0,0,4,0,0,0,0,0,0,0.0,0,0,0.0,0,0,0,0.0,0,0,0
0022000219,1610612737,Atlanta,Hawks,ATL,hawks,1628989,Kevin,Huerter,K. Huerter,kevin-huerter,G,,3,1630180,Saddiq,Bey,S. Bey,saddiq-bey,41,0:03,2.9,0.3,0.015,0.003,0.109,0,0,0,0,0,0,0,0,0,0.0,0,0,0.0,0,0,0,0.0,0,0,0
0022000219,1610612737,Atlanta,Hawks,ATL,hawks,1628989,Kevin,Huerter,K. Huerter,kevin-huerter,G,,3,1629635,Sekou,Doumbouya,S. Doumbouya,sekou-doumbouya,45,0:01,1.4,0.2,0.013,0.002,0.156,0,0,0,0,0,0,0,0,0,0.0,0,0,0.0,0,0,0,0.0,0,0,0
0022000219,1610612737,Atlanta,Hawks,ATL,hawks,1628989,Kevin,Huerter,K. Huerter,kevin-huerter,G,,3,201961,Wayne,Ellington,W. Ellington,wayne-ellington,8,9:07,546.8,45.4,0.675,0.581,0.675,0,7,48,3,0,0,0,3,5,0.6,1,1,1.0,0,0,0,0.0,0,0,0
0022000219,1610612737,Atlanta,Hawks,ATL,hawks,1628989,Kevin,Huerter,K. Huerter,kevin-huerter,G,,3,203924,Jerami,Grant,J. Grant,jerami-grant,9,1:41,101.2,7.7,0.101,0.108,0.119,0,2,17,0,0,0,0,0,0,0.0,0,0,0.0,0,0,0,0.0,2,2,0
0022000219,1610612737,Atlanta,Hawks,ATL,hawks,1628989,Kevin,Huerter,K. Huerter,kevin-huerter,G,,3,201933,Blake,Griffin,B. Griffin,blake-griffin,23,0:35,34.7,2.9,0.038,0.037,0.04,0,0,6,0,0,1,0,0,0,0.0,0,0,0.0,0,0,0,0.0,0,0,0
0022000219,1610612737,Atlanta,Hawks,ATL,hawks,1628989,Kevin,Huerter,K. Huerter,kevin-huerter,G,,3,1628367,Josh,Jackson,J. Jackson,josh-jackson,20,1:28,87.6,7.8,0.191,0.093,0.608,0,5,9,0,0,1,0,2,2,1.0,1,1,1.0,0,0,0,0.0,0,0,0
0022000219,1610612737,Atlanta,Hawks,ATL,hawks,1628989,Kevin,Huerter,K. Huerter,kevin-huerter,G,,3,1629004,Svi,Mykhailiuk,S. Mykhailiuk,svi-mykhailiuk,19,0:07,7.3,1.5,0.028,0.008,0.065,0,0,2,0,0,0,0,0,0,0.0,0,0,0.0,0,0,0,0.0,0,0,0
0022000219,1610612737,Atlanta,Hawks,ATL,hawks,1628989,Kevin,Huerter,K. Huerter,kevin-huerter,G,,3,1626143,Jahlil,Okafor,J. Okafor,jahlil-okafor,13,0:09,9.2,0.6,0.042,0.01,0.057,0,0,3,1,0,0,0,0,0,0.0,0,0,0.0,0,0,0,0.0,0,0,0
0022000219,1610612737,Atlanta,Hawks,ATL,hawks,1628989,Kevin,Huerter,K. Huerter,kevin-huerter,G,,3,203486,Mason,Plumlee,M. Plumlee,mason-plumlee,24,0:26,26.0,1.9,0.042,0.028,0.042,0,0,2,0,0,0,0,0,0,0.0,0,0,0.0,0,0,0,0.0,0,0,0
0022000219,1610612737,Atlanta,Hawks,ATL,hawks,1628989,Kevin,Huerter,K. Huerter,kevin-huerter,G,,3,201565,Derrick,Rose,D. Rose,derrick-rose,25,0:39,39.0,3.6,0.056,0.042,0.09,0,0,4,0,0,0,0,0,2,0.0,0,0,0.0,0,0,0,0.0,0,0,0
0022000219,1610612737,Atlanta,Hawks,ATL,hawks,1628989,Kevin,Huerter,K. Huerter,kevin-huerter,G,,3,1630191,Isaiah,Stewart,I. Stewart,isaiah-stewart,28,0:04,4.2,0.6,0.011,0.005,0.033,0,0,0,0,0,0,0,0,1,0.0,0,0,0.0,0,0,0,0.0,0,0,0
0022000219,1610612737,Atlanta,Hawks,ATL,hawks,1628989,Kevin,Huerter,K. Huerter,kevin-huerter,G,,3,1626153,Delon,Wright,D. Wright,delon-wright,55,1:23,82.5,7.2,0.14,0.088,0.154,0,3,10,0,0,0,0,1,3,0.333,1,2,0.5,0,0,0,0.0,0,0,0
0022000219,1610612737,Atlanta,Hawks,ATL,hawks,1629027,Trae,Young,T. Young,trae-young,G,,11,1630180,Saddiq,Bey,S. Bey,saddiq-bey,41,0:07,7.4,0.6,0.038,0.007,0.074,0,1,1,0,0,0,0,0,0,0.0,0,0,0.0,0,0,0,0.0,1,2,1
0022000219,1610612737,Atlanta,Hawks,ATL,hawks,1629027,Trae,Young,T. Young,trae-young,G,,11,201961,Wayne,Ellington,W. Ellington,wayne-ellington,8,1:00,60.3,4.8,0.075,0.058,0.075,0,5,7,0,0,0,0,2,3,0.667,1,1,1.0,0,0,0,0.0,0,0,0
0022000219,1610612737,Atlanta,Hawks,ATL,hawks,1629027,Trae,Young,T. Young,trae-young,G,,11,203924,Jerami,Grant,J. Grant,jerami-grant,9,2:03,123.2,10.3,0.123,0.118,0.127,0,10,20,3,0,0,0,3,5,0.6,1,1,1.0,0,0,0,0.0,3,4,1
0022000219,1610612737,Atlanta,Hawks,ATL,hawks,1629027,Trae,Young,T. Young,trae-young,G,,11,201933,Blake,Griffin,B. Griffin,blake-griffin,23,0:49,48.6,4.7,0.053,0.047,0.061,0,0,9,0,0,1,0,0,2,0.0,0,0,0.0,0,0,0,0.0,0,0,0
0022000219,1610612737,Atlanta,Hawks,ATL,hawks,1629027,Trae,Young,T. Young,trae-young,G,,11,1628367,Josh,Jackson,J. Jackson,josh-jackson,20,2:23,143.2,11.0,0.313,0.137,0.583,0,0,6,1,0,1,0,0,2,0.0,0,1,0.0,0,0,0,0.0,0,0,0
0022000219,1610612737,Atlanta,Hawks,ATL,hawks,1629027,Trae,Young,T. Young,trae-young,G,,11,1629004,Svi,Mykhailiuk,S. Mykhailiuk,svi-mykhailiuk,19,0:04,4.0,0.2,0.015,0.004,0.023,0,0,0,0,0,0,0,0,0,0.0,0,0,0.0,0,0,0,0.0,0,0,0
0022000219,1610612737,Atlanta,Hawks,ATL,hawks,1629027,Trae,Young,T. Young,trae-young,G,,11,1626143,Jahlil,Okafor,J. Okafor,jahlil-okafor,13,0:15,15.2,1.6,0.07,0.015,0.07,0,0,0,0,0,0,0,0,1,0.0,0,0,0.0,0,0,0,0.0,0,0,0
0022000219,1610612737,Atlanta,Hawks,ATL,hawks,1629027,Trae,Young,T. Young,trae-young,G,,11,203486,Mason,Plumlee,M. Plumlee,mason-plumlee,24,0:32,32.2,2.7,0.051,0.031,0.055,0,6,10,0,0,0,0,3,4,0.75,0,0,0.0,0,0,0,0.0,0,0,0
0022000219,1610612737,Atlanta,Hawks,ATL,hawks,1629027,Trae,Young,T. Young,trae-young,G,,11,201565,Derrick,Rose,D. Rose,derrick-rose,25,3:52,232.4,21.2,0.335,0.223,0.483,0,7,21,2,0,0,1,2,8,0.25,1,2,0.5,0,0,0,0.0,2,2,0
0022000219,1610612737,Atlanta,Hawks,ATL,hawks,1629027,Trae,Young,T. Young,trae-young,G,,11,1630191,Isaiah,Stewart,I. Stewart,isaiah-stewart,28,0:18,17.8,2.7,0.046,0.017,0.082,0,6,6,0,0,0,0,3,3,1.0,0,0,0.0,0,0,0,0.0,0,0,0
0022000219,1610612737,Atlanta,Hawks,ATL,hawks,1629027,Trae,Young,T. Young,trae-young,G,,11,1626153,Delon,Wright,D. Wright,delon-wright,55,6:01,360.6,29.7,0.61,0.346,0.61,0,6,28,3,0,0,1,0,3,0.0,0,0,0.0,0,0,0,0.0,6,7,2
0022000219,1610612737,Atlanta,Hawks,ATL,hawks,203503,Tony,Snell,T. Snell,tony-snell,,,19,1630180,Saddiq,Bey,S. Bey,saddiq-bey,41,1:35,94.6,8.1,0.488,0.233,0.512,0,0,8,0,0,0,0,0,0,0.0,0,0,0.0,0,0,0,0.0,0,0,0
0022000219,1610612737,Atlanta,Hawks,ATL,hawks,203503,Tony,Snell,T. Snell,tony-snell,,,19,1629635,Sekou,Doumbouya,S. Doumbouya,sekou-doumbouya,45,0:22,21.5,0.9,0.192,0.053,0.21,0,0,0,0,0,0,0,0,0,0.0,0,0,0.0,0,0,0,0.0,0,0,0
0022000219,1610612737,Atlanta,Hawks,ATL,hawks,203503,Tony,Snell,T. Snell,tony-snell,,,19,201961,Wayne,Ellington,W. Ellington,wayne-ellington,8,0:25,24.7,2.3,0.03,0.061,0.279,0,0,2,0,0,0,0,0,0,0.0,0,0,0.0,0,0,0,0.0,0,0,0
0022000219,1610612737,Atlanta,Hawks,ATL,hawks,203503,Tony,Snell,T. Snell,tony-snell,,,19,203924,Jerami,Grant,J. Grant,jerami-grant,9,0:50,50.0,5.9,0.05,0.123,0.202,0,0,4,0,0,0,0,0,0,0.0,0,0,0.0,0,0,0,0.0,0,0,0
0022000219,1610612737,Atlanta,Hawks,ATL,hawks,203503,Tony,Snell,T. Snell,tony-snell,,,19,201933,Blake,Griffin,B. Griffin,blake-griffin,23,0:10,10.1,0.7,0.011,0.025,0.081,0,0,2,0,0,0,0,0,0,0.0,0,0,0.0,0,0,0,0.0,0,0,0
0022000219,1610612737,Atlanta,Hawks,ATL,hawks,203503,Tony,Snell,T. Snell,tony-snell,,,19,1628367,Josh,Jackson,J. Jackson,josh-jackson,20,0:34,33.6,3.5,0.073,0.083,0.106,0,0,6,0,0,0,0,0,0,0.0,0,0,0.0,0,0,0,0.0,0,0,0
0022000219,1610612737,Atlanta,Hawks,ATL,hawks,203503,Tony,Snell,T. Snell,tony-snell,,,19,1629004,Svi,Mykhailiuk,S. Mykhailiuk,svi-mykhailiuk,19,1:49,109.4,9.2,0.423,0.27,0.625,0,0,6,0,0,0,0,0,2,0.0,0,1,0.0,0,0,0,0.0,0,0,0
0022000219,1610612737,Atlanta,Hawks,ATL,hawks,203503,Tony,Snell,T. Snell,tony-snell,,,19,1626143,Jahlil,Okafor,J. Okafor,jahlil-okafor,13,0:11,11.3,1.1,0.051,0.028,0.2,0,0,0,0,0,1,0,0,0,0.0,0,0,0.0,0,0,0,0.0,0,0,0
0022000219,1610612737,Atlanta,Hawks,ATL,hawks,203503,Tony,Snell,T. Snell,tony-snell,,,19,203486,Mason,Plumlee,M. Plumlee,mason-plumlee,24,0:02,1.7,0.2,0.003,0.004,0.068,0,0,0,0,0,0,0,0,0,0.0,0,0,0.0,0,0,0,0.0,0,0,0
0022000219,1610612737,Atlanta,Hawks,ATL,hawks,203503,Tony,Snell,T. Snell,tony-snell,,,19,201565,Derrick,Rose,D. Rose,derrick-rose,25,0:07,7.2,0.6,0.01,0.018,0.021,0,0,0,0,0,0,0,0,0,0.0,0,0,0.0,0,0,0,0.0,0,0,0
0022000219,1610612737,Atlanta,Hawks,ATL,hawks,203503,Tony,Snell,T. Snell,tony-snell,,,19,1630191,Isaiah,Stewart,I. Stewart,isaiah-stewart,28,0:17,17.0,1.8,0.044,0.042,0.056,0,0,0,0,0,0,0,0,2,0.0,0,2,0.0,0,0,0,0.0,0,0,0
0022000219,1610612737,Atlanta,Hawks,ATL,hawks,203503,Tony,Snell,T. Snell,tony-snell,,,19,1626153,Delon,Wright,D. Wright,delon-wright,55,0:10,9.6,0.6,0.016,0.024,0.154,0,0,0,0,0,0,0,0,0,0.0,0,0,0.0,0,0,0,0.0,0,0,0
0022000219,1610612737,Atlanta,Hawks,ATL,hawks,1630168,Onyeka,Okongwu,O. Okongwu,onyeka-okongwu,,,17,1630180,Saddiq,Bey,S. Bey,saddiq-bey,41,0:02,1.6,0.1,0.008,0.005,0.012,0,0,0,0,0,0,0,0,0,0.0,0,0,0.0,0,0,0,0.0,0,0,0
0022000219,1610612737,Atlanta,Hawks,ATL,hawks,1630168,Onyeka,Okongwu,O. Okongwu,onyeka-okongwu,,,17,1629635,Sekou,Doumbouya,S. Doumbouya,sekou-doumbouya,45,0:06,5.5,0.7,0.049,0.017,0.092,0,0,0,0,0,0,0,0,0,0.0,0,0,0.0,0,0,0,0.0,0,0,0
0022000219,1610612737,Atlanta,Hawks,ATL,hawks,1630168,Onyeka,Okongwu,O. Okongwu,onyeka-okongwu,,,17,201961,Wayne,Ellington,W. Ellington,wayne-ellington,8,0:08,8.4,0.6,0.01,0.025,0.075,0,0,2,0,0,0,0,0,0,0.0,0,0,0.0,0,0,0,0.0,0,0,0
0022000219,1610612737,Atlanta,Hawks,ATL,hawks,1630168,Onyeka,Okongwu,O. Okongwu,onyeka-okongwu,,,17,203924,Jerami,Grant,J. Grant,jerami-grant,9,0:16,16.0,1.1,0.016,0.048,0.059,0,0,0,0,0,0,0,0,0,0.0,0,0,0.0,0,0,0,0.0,0,0,0
0022000219,1610612737,Atlanta,Hawks,ATL,hawks,1630168,Onyeka,Okongwu,O. Okongwu,onyeka-okongwu,,,17,201933,Blake,Griffin,B. Griffin,blake-griffin,23,0:40,39.9,3.3,0.043,0.12,0.429,0,0,0,0,0,0,0,0,0,0.0,0,0,0.0,0,0,0,0.0,0,0,0
0022000219,1610612737,Atlanta,Hawks,ATL,hawks,1630168,Onyeka,Okongwu,O. Okongwu,onyeka-okongwu,,,17,1628367,Josh,Jackson,J. Jackson,josh-jackson,20,0:19,18.9,1.2,0.041,0.057,0.087,0,0,2,0,0,0,0,0,0,0.0,0,0,0.0,0,0,0,0.0,0,0,0
0022000219,1610612737,Atlanta,Hawks,ATL,hawks,1630168,Onyeka,Okongwu,O. Okongwu,onyeka-okongwu,,,17,1629004,Svi,Mykhailiuk,S. Mykhailiuk,svi-mykhailiuk,19,0:13,12.7,1.9,0.049,0.038,0.132,0,2,2,0,0,0,0,1,1,1.0,0,0,0.0,0,0,0,0.0,0,0,0
0022000219,1610612737,Atlanta,Hawks,ATL,hawks,1630168,Onyeka,Okongwu,O. Okongwu,onyeka-okongwu,,,17,1626143,Jahlil,Okafor,J. Okafor,jahlil-okafor,13,0:24,23.7,1.5,0.108,0.071,0.502,0,0,0,0,0,0,0,0,1,0.0,0,0,0.0,0,0,0,0.0,0,0,0
0022000219,1610612737,Atlanta,Hawks,ATL,hawks,1630168,Onyeka,Okongwu,O. Okongwu,onyeka-okongwu,,,17,203486,Mason,Plumlee,M. Plumlee,mason-plumlee,24,0:16,16.1,1.7,0.026,0.049,0.652,0,0,2,0,0,0,0,0,0,0.0,0,0,0.0,0,0,0,0.0,0,0,0
0022000219,1610612737,Atlanta,Hawks,ATL,hawks,1630168,Onyeka,Okongwu,O. Okongwu,onyeka-okongwu,,,17,201565,Derrick,Rose,D. Rose,derrick-rose,25,0:36,35.7,3.5,0.052,0.108,0.128,0,0,3,0,0,0,0,0,0,0.0,0,0,0.0,0,0,0,0.0,0,0,0
0022000219,1610612737,Atlanta,Hawks,ATL,hawks,1630168,Onyeka,Okongwu,O. Okongwu,onyeka-okongwu,,,17,1630191,Isaiah,Stewart,I. Stewart,isaiah-stewart,28,3:14,194.0,15.0,0.503,0.585,0.747,0,0,9,0,0,0,1,0,1,0.0,0,0,0.0,0,0,0,0.0,0,0,0
0022000219,1610612737,Atlanta,Hawks,ATL,hawks,1630168,Onyeka,Okongwu,O. Okongwu,onyeka-okongwu,,,17,1626153,Delon,Wright,D. Wright,delon-wright,55,0:08,7.9,0.6,0.013,0.024,0.149,0,0,2,0,0,0,0,0,0,0.0,0,0,0.0,0,0,0,0.0,0,0,0
0022000219,1610612737,Atlanta,Hawks,ATL,hawks,1629164,Brandon,Goodwin,B. Goodwin,brandon-goodwin,,,0,1630180,Saddiq,Bey,S. Bey,saddiq-bey,41,0:35,34.6,3.1,0.178,0.128,0.195,0,0,0,0,0,0,0,0,1,0.0,0,0,0.0,0,0,0,0.0,0,0,0
0022000219,1610612737,Atlanta,Hawks,ATL,hawks,1629164,Brandon,Goodwin,B. Goodwin,brandon-goodwin,,,0,1629635,Sekou,Doumbouya,S. Doumbouya,sekou-doumbouya,45,0:10,9.6,1.0,0.086,0.036,0.086,0,0,3,0,0,0,0,0,0,0.0,0,0,0.0,0,0,0,0.0,0,0,0
0022000219,1610612737,Atlanta,Hawks,ATL,hawks,1629164,Brandon,Goodwin,B. Goodwin,brandon-goodwin,,,0,203924,Jerami,Grant,J. Grant,jerami-grant,9,0:15,14.8,2.1,0.015,0.055,0.094,0,0,3,0,0,0,0,0,0,0.0,0,0,0.0,0,0,0,0.0,0,0,0
0022000219,1610612737,Atlanta,Hawks,ATL,hawks,1629164,Brandon,Goodwin,B. Goodwin,brandon-goodwin,,,0,1628367,Josh,Jackson,J. Jackson,josh-jackson,20,0:39,38.5,3.5,0.084,0.142,0.142,0,0,4,0,0,0,0,0,1,0.0,0,1,0.0,0,0,0,0.0,0,0,0
0022000219,1610612737,Atlanta,Hawks,ATL,hawks,1629164,Brandon,Goodwin,B. Goodwin,brandon-goodwin,,,0,1629004,Svi,Mykhailiuk,S. Mykhailiuk,svi-mykhailiuk,19,0:07,6.6,0.4,0.026,0.024,0.071,0,0,0,0,0,0,0,0,0,0.0,0,0,0.0,0,0,0,0.0,0,0,0
0022000219,1610612737,Atlanta,Hawks,ATL,hawks,1629164,Brandon,Goodwin,B. Goodwin,brandon-goodwin,,,0,201565,Derrick,Rose,D. Rose,derrick-rose,25,2:43,163.1,12.9,0.235,0.603,0.603,0,0,9,0,0,0,0,0,1,0.0,0,0,0.0,0,0,0,0.0,0,0,0
0022000219,1610612737,Atlanta,Hawks,ATL,hawks,1629164,Brandon,Goodwin,B. Goodwin,brandon-goodwin,,,0,1630191,Isaiah,Stewart,I. Stewart,isaiah-stewart,28,0:04,3.5,1.1,0.009,0.013,0.013,0,0,0,0,0,0,0,0,0,0.0,0,0,0.0,0,0,0,0.0,0,0,0
0022000219,1610612737,Atlanta,Hawks,ATL,hawks,1630233,Nathan,Knight,N. Knight,nathan-knight,,,1,1630180,Saddiq,Bey,S. Bey,saddiq-bey,41,0:30,29.7,1.5,0.153,0.266,0.266,0,0,3,0,0,0,0,0,0,0.0,0,0,0.0,0,0,0,0.0,0,0,0
0022000219,1610612737,Atlanta,Hawks,ATL,hawks,1630233,Nathan,Knight,N. Knight,nathan-knight,,,1,1629635,Sekou,Doumbouya,S. Doumbouya,sekou-doumbouya,45,1:04,64.2,6.7,0.574,0.574,0.574,0,0,2,0,0,1,0,0,0,0.0,0,0,0.0,0,0,0,0.0,0,0,0
0022000219,1610612737,Atlanta,Hawks,ATL,hawks,1630233,Nathan,Knight,N. Knight,nathan-knight,,,1,1628367,Josh,Jackson,J. Jackson,josh-jackson,20,0:01,1.4,0.2,0.003,0.013,0.013,0,0,0,0,0,0,0,0,0,0.0,0,0,0.0,0,0,0,0.0,0,0,0
0022000219,1610612737,Atlanta,Hawks,ATL,hawks,1630233,Nathan,Knight,N. Knight,nathan-knight,,,1,203486,Mason,Plumlee,M. Plumlee,mason-plumlee,24,0:01,1.4,0.2,0.002,0.013,0.156,0,0,0,0,0,0,0,0,0,0.0,0,0,0.0,0,0,0,0.0,0,0,0
0022000219,1610612737,Atlanta,Hawks,ATL,hawks,1630233,Nathan,Knight,N. Knight,nathan-knight,,,1,201565,Derrick,Rose,D. Rose,derrick-rose,25,0:08,8.4,0.9,0.012,0.075,0.075,0,0,0,0,0,0,0,0,0,0.0,0,0,0.0,0,0,0,0.0,0,0,0
0022000219,1610612737,Atlanta,Hawks,ATL,hawks,1630233,Nathan,Knight,N. Knight,nathan-knight,,,1,1630191,Isaiah,Stewart,I. Stewart,isaiah-stewart,28,0:02,1.8,0.2,0.005,0.016,0.018,0,0,0,0,0,0,0,0,0,0.0,0,0,0.0,0,0,0,0.0,0,0,0
0022000219,1610612737,Atlanta,Hawks,ATL,hawks,200765,Rajon,Rondo,R. Rondo,rajon-rondo,,,7,1630180,Saddiq,Bey,S. Bey,saddiq-bey,41,0:02,1.7,0.1,0.009,0.006,0.018,0,0,0,0,0,0,0,0,0,0.0,0,0,0.0,0,0,0,0.0,0,0,0
0022000219,1610612737,Atlanta,Hawks,ATL,hawks,200765,Rajon,Rondo,R. Rondo,rajon-rondo,,,7,1629635,Sekou,Doumbouya,S. Doumbouya,sekou-doumbouya,45,0:07,6.6,0.4,0.059,0.025,0.07,0,0,0,0,0,0,0,0,0,0.0,0,0,0.0,0,0,0,0.0,0,0,0
0022000219,1610612737,Atlanta,Hawks,ATL,hawks,200765,Rajon,Rondo,R. Rondo,rajon-rondo,,,7,203924,Jerami,Grant,J. Grant,jerami-grant,9,0:04,4.2,0.4,0.004,0.016,0.123,0,0,0,0,0,0,0,0,0,0.0,0,0,0.0,0,0,0,0.0,0,0,0
0022000219,1610612737,Atlanta,Hawks,ATL,hawks,200765,Rajon,Rondo,R. Rondo,rajon-rondo,,,7,201933,Blake,Griffin,B. Griffin,blake-griffin,23,0:07,7.4,0.7,0.008,0.028,0.042,0,0,2,0,0,0,0,0,0,0.0,0,0,0.0,0,0,0,0.0,0,0,0
0022000219,1610612737,Atlanta,Hawks,ATL,hawks,200765,Rajon,Rondo,R. Rondo,rajon-rondo,,,7,1628367,Josh,Jackson,J. Jackson,josh-jackson,20,1:28,88.4,8.0,0.193,0.329,0.329,0,0,5,1,0,2,0,0,1,0.0,0,0,0.0,0,0,0,0.0,0,0,0
0022000219,1610612737,Atlanta,Hawks,ATL,hawks,200765,Rajon,Rondo,R. Rondo,rajon-rondo,,,7,1629004,Svi,Mykhailiuk,S. Mykhailiuk,svi-mykhailiuk,19,0:16,15.9,1.0,0.061,0.059,0.114,0,0,0,0,0,0,0,0,0,0.0,0,0,0.0,0,0,0,0.0,0,0,0
0022000219,1610612737,Atlanta,Hawks,ATL,hawks,200765,Rajon,Rondo,R. Rondo,rajon-rondo,,,7,1626143,Jahlil,Okafor,J. Okafor,jahlil-okafor,13,0:02,1.5,0.1,0.007,0.006,0.026,0,2,2,0,0,0,0,1,1,1.0,0,0,0.0,0,0,0,0.0,0,0,0
0022000219,1610612737,Atlanta,Hawks,ATL,hawks,200765,Rajon,Rondo,R. Rondo,rajon-rondo,,,7,203486,Mason,Plumlee,M. Plumlee,mason-plumlee,24,0:02,1.6,0.2,0.003,0.006,0.037,0,0,0,0,0,0,0,0,0,0.0,0,0,0.0,0,0,0,0.0,0,0,0
0022000219,1610612737,Atlanta,Hawks,ATL,hawks,200765,Rajon,Rondo,R. Rondo,rajon-rondo,,,7,201565,Derrick,Rose,D. Rose,derrick-rose,25,1:36,95.8,7.6,0.138,0.357,0.452,0,0,9,1,0,1,0,0,0,0.0,0,0,0.0,0,0,0,0.0,0,0,0
0022000219,1610612737,Atlanta,Hawks,ATL,hawks,200765,Rajon,Rondo,R. Rondo,rajon-rondo,,,7,1630191,Isaiah,Stewart,I. Stewart,isaiah-stewart,28,0:04,3.6,0.3,0.009,0.014,0.022,0,0,0,0,0,0,0,0,0,0.0,0,0,0.0,0,0,0,0.0,0,0,0
0022000219,1610612737,Atlanta,Hawks,ATL,hawks,200765,Rajon,Rondo,R. Rondo,rajon-rondo,,,7,1626153,Delon,Wright,D. Wright,delon-wright,55,0:27,26.8,1.8,0.045,0.1,0.476,0,0,0,0,0,0,0,0,0,0.0,0,0,0.0,0,0,0,0.0,0,0,0
0022000219,1610612765,Detroit,Pistons,DET,pistons,203924,Jerami,Grant,J. Grant,jerami-grant,F,,9,203991,Clint,Capela,C. Capela,clint-capela,15,0:26,25.7,2.1,0.027,0.027,0.036,0,2,2,0,0,0,0,1,2,0.5,0,0,0.0,0,0,0,0.0,0,0,0
0022000219,1610612765,Detroit,Pistons,DET,pistons,203924,Jerami,Grant,J. Grant,jerami-grant,F,,9,1628381,John,Collins,J. Collins,john-collins,20,1:02,62.2,6.8,0.06,0.064,0.073,0,2,6,1,0,0,1,1,2,0.5,0,0,0.0,0,0,0,0.0,0,0,0
0022000219,1610612765,Detroit,Pistons,DET,pistons,203924,Jerami,Grant,J. Grant,jerami-grant,F,,9,1629164,Brandon,Goodwin,B. Goodwin,brandon-goodwin,0,0:39,38.9,2.6,0.137,0.04,0.291,0,2,7,0,0,0,0,1,1,1.0,0,0,0.0,0,0,0,0.0,0,0,0
0022000219,1610612765,Detroit,Pistons,DET,pistons,203924,Jerami,Grant,J. Grant,jerami-grant,F,,9,203524,Solomon,Hill,S. Hill,solomon-hill,18,10:41,640.7,50.4,0.673,0.663,0.744,0,12,52,1,0,1,0,5,11,0.455,2,4,0.5,0,0,0,0.0,0,0,0
0022000219,1610612765,Detroit,Pistons,DET,pistons,203924,Jerami,Grant,J. Grant,jerami-grant,F,,9,1628989,Kevin,Huerter,K. Huerter,kevin-huerter,3,0:42,41.7,6.3,0.044,0.043,0.05,0,5,10,0,0,0,0,2,3,0.667,0,0,0.0,0,0,0,0.0,1,2,1
0022000219,1610612765,Detroit,Pistons,DET,pistons,203924,Jerami,Grant,J. Grant,jerami-grant,F,,9,1630168,Onyeka,Okongwu,O. Okongwu,onyeka-okongwu,17,0:22,21.7,2.4,0.065,0.022,0.086,0,4,6,0,0,0,0,2,3,0.667,0,1,0.0,0,0,0,0.0,0,0,0
0022000219,1610612765,Detroit,Pistons,DET,pistons,203924,Jerami,Grant,J. Grant,jerami-grant,F,,9,200765,Rajon,Rondo,R. Rondo,rajon-rondo,7,0:06,6.1,0.8,0.019,0.006,0.179,0,0,0,0,0,0,0,0,0,0.0,0,0,0.0,0,0,0,0.0,0,0,0
0022000219,1610612765,Detroit,Pistons,DET,pistons,203924,Jerami,Grant,J. Grant,jerami-grant,F,,9,203503,Tony,Snell,T. Snell,tony-snell,19,1:32,91.9,9.3,0.214,0.095,0.414,0,2,8,1,0,0,0,1,1,1.0,0,0,0.0,0,0,0,0.0,0,0,0
0022000219,1610612765,Detroit,Pistons,DET,pistons,203924,Jerami,Grant,J. Grant,jerami-grant,F,,9,1629027,Trae,Young,T. Young,trae-young,11,0:36,35.7,4.7,0.034,0.037,0.038,0,0,0,0,0,0,0,0,0,0.0,0,0,0.0,0,0,0,0.0,0,0,0
0022000219,1610612765,Detroit,Pistons,DET,pistons,201933,Blake,Griffin,B. Griffin,blake-griffin,F,,23,203991,Clint,Capela,C. Capela,clint-capela,15,1:03,62.8,6.7,0.066,0.066,0.073,0,3,7,0,0,0,0,1,1,1.0,1,1,1.0,0,0,0,0.0,0,0,0
0022000219,1610612765,Detroit,Pistons,DET,pistons,201933,Blake,Griffin,B. Griffin,blake-griffin,F,,23,1628381,John,Collins,J. Collins,john-collins,20,11:12,671.7,51.3,0.653,0.708,0.708,0,11,52,3,0,0,0,3,7,0.429,1,3,0.333,0,0,0,0.0,4,4,2
0022000219,1610612765,Detroit,Pistons,DET,pistons,201933,Blake,Griffin,B. Griffin,blake-griffin,F,,23,203524,Solomon,Hill,S. Hill,solomon-hill,18,0:34,34.2,2.8,0.036,0.036,0.042,0,0,5,0,0,0,0,0,0,0.0,0,0,0.0,0,0,0,0.0,0,0,0
0022000219,1610612765,Detroit,Pistons,DET,pistons,201933,Blake,Griffin,B. Griffin,blake-griffin,F,,23,1628989,Kevin,Huerter,K. Huerter,kevin-huerter,3,0:28,28.0,2.2,0.029,0.029,0.032,0,3,6,0,0,0,0,1,1,1.0,1,1,1.0,0,0,0,0.0,0,0,0
0022000219,1610612765,Detroit,Pistons,DET,pistons,201933,Blake,Griffin,B. Griffin,blake-griffin,F,,23,1630168,Onyeka,Okongwu,O. Okongwu,onyeka-okongwu,17,0:21,20.5,1.4,0.061,0.022,0.261,0,0,2,0,0,0,0,0,0,0.0,0,0,0.0,0,0,0,0.0,0,0,0
0022000219,1610612765,Detroit,Pistons,DET,pistons,201933,Blake,Griffin,B. Griffin,blake-griffin,F,,23,200765,Rajon,Rondo,R. Rondo,rajon-rondo,7,0:14,13.8,0.8,0.043,0.014,0.065,0,0,0,0,0,0,0,0,0,0.0,0,0,0.0,0,0,0,0.0,0,0,0
0022000219,1610612765,Detroit,Pistons,DET,pistons,201933,Blake,Griffin,B. Griffin,blake-griffin,F,,23,203503,Tony,Snell,T. Snell,tony-snell,19,0:08,8.3,1.6,0.019,0.009,0.062,0,0,2,0,0,1,0,0,0,0.0,0,0,0.0,0,0,0,0.0,0,0,0
0022000219,1610612765,Detroit,Pistons,DET,pistons,201933,Blake,Griffin,B. Griffin,blake-griffin,F,,23,1629027,Trae,Young,T. Young,trae-young,11,1:15,75.0,6.7,0.071,0.079,0.091,0,2,4,0,0,0,0,1,2,0.5,0,0,0.0,0,0,0,0.0,0,0,0
0022000219,1610612765,Detroit,Pistons,DET,pistons,203486,Mason,Plumlee,M. Plumlee,mason-plumlee,C,,24,203991,Clint,Capela,C. Capela,clint-capela,15,8:22,501.7,40.6,0.527,0.772,0.815,0,8,47,1,0,2,2,4,9,0.444,0,0,0.0,0,0,0,0.0,0,0,0
0022000219,1610612765,Detroit,Pistons,DET,pistons,203486,Mason,Plumlee,M. Plumlee,mason-plumlee,C,,24,1628381,John,Collins,J. Collins,john-collins,20,0:48,48.0,4.8,0.047,0.074,0.077,0,0,5,0,0,0,0,0,0,0.0,0,0,0.0,0,0,0,0.0,0,0,0
0022000219,1610612765,Detroit,Pistons,DET,pistons,203486,Mason,Plumlee,M. Plumlee,mason-plumlee,C,,24,1629164,Brandon,Goodwin,B. Goodwin,brandon-goodwin,0,0:06,6.1,0.4,0.021,0.009,0.21,0,0,0,0,0,0,0,0,0,0.0,0,0,0.0,0,0,0,0.0,0,0,0
0022000219,1610612765,Detroit,Pistons,DET,pistons,203486,Mason,Plumlee,M. Plumlee,mason-plumlee,C,,24,203524,Solomon,Hill,S. Hill,solomon-hill,18,0:31,31.2,2.8,0.033,0.048,0.053,0,2,4,0,0,0,0,1,1,1.0,0,0,0.0,0,0,0,0.0,0,0,0
0022000219,1610612765,Detroit,Pistons,DET,pistons,203486,Mason,Plumlee,M. Plumlee,mason-plumlee,C,,24,1628989,Kevin,Huerter,K. Huerter,kevin-huerter,3,0:24,24.0,2.1,0.025,0.037,0.037,0,0,4,0,0,0,0,0,0,0.0,0,0,0.0,0,0,0,0.0,0,0,0
0022000219,1610612765,Detroit,Pistons,DET,pistons,203486,Mason,Plumlee,M. Plumlee,mason-plumlee,C,,24,1630168,Onyeka,Okongwu,O. Okongwu,onyeka-okongwu,17,0:29,29.3,2.1,0.087,0.045,0.853,0,0,2,0,0,0,0,0,0,0.0,0,0,0.0,0,0,0,0.0,0,0,0
0022000219,1610612765,Detroit,Pistons,DET,pistons,203486,Mason,Plumlee,M. Plumlee,mason-plumlee,C,,24,200765,Rajon,Rondo,R. Rondo,rajon-rondo,7,0:02,2.4,0.2,0.008,0.004,0.039,0,0,0,0,0,0,0,0,0,0.0,0,0,0.0,0,0,0,0.0,0,0,0
0022000219,1610612765,Detroit,Pistons,DET,pistons,203486,Mason,Plumlee,M. Plumlee,mason-plumlee,C,,24,203503,Tony,Snell,T. Snell,tony-snell,19,0:02,2.2,0.1,0.005,0.003,0.063,0,0,0,0,0,0,0,0,0,0.0,0,0,0.0,0,0,0,0.0,0,0,0
0022000219,1610612765,Detroit,Pistons,DET,pistons,203486,Mason,Plumlee,M. Plumlee,mason-plumlee,C,,24,1629027,Trae,Young,T. Young,trae-young,11,0:37,36.8,3.8,0.035,0.057,0.063,0,0,2,0,0,0,0,0,0,0.0,0,0,0.0,0,0,0,0.0,0,0,0
0022000219,1610612765,Detroit,Pistons,DET,pistons,201961,Wayne,Ellington,W. Ellington,wayne-ellington,G,,8,203991,Clint,Capela,C. Capela,clint-capela,15,0:22,22.1,2.5,0.023,0.028,0.033,0,0,5,0,0,0,0,0,0,0.0,0,0,0.0,0,0,0,0.0,0,0,0
0022000219,1610612765,Detroit,Pistons,DET,pistons,201961,Wayne,Ellington,W. Ellington,wayne-ellington,G,,8,1628381,John,Collins,J. Collins,john-collins,20,0:28,27.5,2.4,0.027,0.034,0.034,0,3,3,1,0,0,0,1,1,1.0,1,1,1.0,0,0,0,0.0,0,0,0
0022000219,1610612765,Detroit,Pistons,DET,pistons,201961,Wayne,Ellington,W. Ellington,wayne-ellington,G,,8,203524,Solomon,Hill,S. Hill,solomon-hill,18,0:27,27.2,3.0,0.029,0.034,0.038,0,0,7,0,0,0,0,0,1,0.0,0,1,0.0,0,0,0,0.0,0,0,0
0022000219,1610612765,Detroit,Pistons,DET,pistons,201961,Wayne,Ellington,W. Ellington,wayne-ellington,G,,8,1628989,Kevin,Huerter,K. Huerter,kevin-huerter,3,11:29,689.0,55.0,0.722,0.863,0.863,0,10,59,2,0,0,0,3,6,0.5,2,4,0.5,0,0,0,0.0,2,3,1
0022000219,1610612765,Detroit,Pistons,DET,pistons,201961,Wayne,Ellington,W. Ellington,wayne-ellington,G,,8,203503,Tony,Snell,T. Snell,tony-snell,19,0:09,9.4,1.0,0.022,0.012,0.107,0,0,0,0,0,0,0,0,0,0.0,0,0,0.0,0,0,0,0.0,0,0,0
0022000219,1610612765,Detroit,Pistons,DET,pistons,201961,Wayne,Ellington,W. Ellington,wayne-ellington,G,,8,1629027,Trae,Young,T. Young,trae-young,11,0:29,29.2,4.5,0.028,0.037,0.037,0,3,6,0,0,0,0,1,3,0.333,1,3,0.333,0,0,0,0.0,0,0,0
0022000219,1610612765,Detroit,Pistons,DET,pistons,1626153,Delon,Wright,D. Wright,delon-wright,G,,55,203991,Clint,Capela,C. Capela,clint-capela,15,0:36,36.2,3.3,0.038,0.057,0.063,0,2,4,0,0,0,0,1,1,1.0,0,0,0.0,0,0,0,0.0,0,0,0
0022000219,1610612765,Detroit,Pistons,DET,pistons,1626153,Delon,Wright,D. Wright,delon-wright,G,,55,1628381,John,Collins,J. Collins,john-collins,20,0:27,27.3,2.8,0.027,0.043,0.043,0,0,4,1,0,0,0,0,0,0.0,0,0,0.0,0,0,0,0.0,0,0,0
0022000219,1610612765,Detroit,Pistons,DET,pistons,1626153,Delon,Wright,D. Wright,delon-wright,G,,55,203524,Solomon,Hill,S. Hill,solomon-hill,18,0:32,31.5,4.2,0.033,0.05,0.06,0,0,5,2,0,0,0,0,0,0.0,0,0,0.0,0,0,0,0.0,0,0,0
0022000219,1610612765,Detroit,Pistons,DET,pistons,1626153,Delon,Wright,D. Wright,delon-wright,G,,55,1628989,Kevin,Huerter,K. Huerter,kevin-huerter,3,0:23,22.6,2.5,0.024,0.036,0.041,0,0,3,1,0,0,0,0,0,0.0,0,0,0.0,0,0,0,0.0,0,0,0
0022000219,1610612765,Detroit,Pistons,DET,pistons,1626153,Delon,Wright,D. Wright,delon-wright,G,,55,1630168,Onyeka,Okongwu,O. Okongwu,onyeka-okongwu,17,0:01,1.4,0.1,0.004,0.002,0.027,0,0,0,0,0,0,0,0,0,0.0,0,0,0.0,0,0,0,0.0,0,0,0
0022000219,1610612765,Detroit,Pistons,DET,pistons,1626153,Delon,Wright,D. Wright,delon-wright,G,,55,200765,Rajon,Rondo,R. Rondo,rajon-rondo,7,0:46,46.4,3.0,0.145,0.073,0.534,0,0,2,0,0,0,0,0,1,0.0,0,1,0.0,0,0,0,0.0,0,0,0
0022000219,1610612765,Detroit,Pistons,DET,pistons,1626153,Delon,Wright,D. Wright,delon-wright,G,,55,203503,Tony,Snell,T. Snell,tony-snell,19,0:21,21.0,1.5,0.049,0.033,0.201,0,0,0,0,0,0,0,0,0,0.0,0,0,0.0,0,0,0,0.0,0,0,0
0022000219,1610612765,Detroit,Pistons,DET,pistons,1626153,Delon,Wright,D. Wright,delon-wright,G,,55,1629027,Trae,Young,T. Young,trae-young,11,7:17,437.2,31.0,0.412,0.692,0.692,0,5,43,0,0,1,1,2,5,0.4,0,1,0.0,0,0,0,0.0,1,1,1
0022000219,1610612765,Detroit,Pistons,DET,pistons,201565,Derrick,Rose,D. Rose,derrick-rose,,,25,203991,Clint,Capela,C. Capela,clint-capela,15,0:19,18.8,1.9,0.02,0.028,0.048,0,0,0,0,0,1,0,0,2,0.0,0,0,0.0,0,0,0,0.0,0,0,0
0022000219,1610612765,Detroit,Pistons,DET,pistons,201565,Derrick,Rose,D. Rose,derrick-rose,,,25,1628381,John,Collins,J. Collins,john-collins,20,0:27,27.4,2.2,0.027,0.04,0.066,0,0,0,0,0,0,0,0,1,0.0,0,0,0.0,0,0,0,0.0,0,0,0
0022000219,1610612765,Detroit,Pistons,DET,pistons,201565,Derrick,Rose,D. Rose,derrick-rose,,,25,1629164,Brandon,Goodwin,B. Goodwin,brandon-goodwin,0,2:08,127.6,12.3,0.449,0.187,0.449,0,4,9,0,0,0,0,2,3,0.667,0,0,0.0,0,0,0,0.0,0,0,0
0022000219,1610612765,Detroit,Pistons,DET,pistons,201565,Derrick,Rose,D. Rose,derrick-rose,,,25,203524,Solomon,Hill,S. Hill,solomon-hill,18,1:25,85.4,7.7,0.09,0.125,0.192,0,2,12,0,0,0,0,1,1,1.0,0,0,0.0,0,0,0,0.0,0,0,0
0022000219,1610612765,Detroit,Pistons,DET,pistons,201565,Derrick,Rose,D. Rose,derrick-rose,,,25,1628989,Kevin,Huerter,K. Huerter,kevin-huerter,3,0:25,25.0,2.4,0.026,0.037,0.058,0,0,2,0,0,0,0,0,0,0.0,0,0,0.0,0,0,0,0.0,0,0,0
0022000219,1610612765,Detroit,Pistons,DET,pistons,201565,Derrick,Rose,D. Rose,derrick-rose,,,25,1630233,Nathan,Knight,N. Knight,nathan-knight,1,0:01,1.4,0.1,0.01,0.002,0.01,0,0,0,0,0,0,0,0,0,0.0,0,0,0.0,0,0,0,0.0,0,0,0
0022000219,1610612765,Detroit,Pistons,DET,pistons,201565,Derrick,Rose,D. Rose,derrick-rose,,,25,1630168,Onyeka,Okongwu,O. Okongwu,onyeka-okongwu,17,0:28,27.7,1.9,0.083,0.041,0.098,0,4,6,0,0,0,0,2,2,1.0,0,0,0.0,0,0,0,0.0,0,0,0
0022000219,1610612765,Detroit,Pistons,DET,pistons,201565,Derrick,Rose,D. Rose,derrick-rose,,,25,200765,Rajon,Rondo,R. Rondo,rajon-rondo,7,1:25,85.3,6.8,0.267,0.125,0.366,0,2,7,0,0,0,0,1,1,1.0,0,0,0.0,0,0,0,0.0,0,0,0
0022000219,1610612765,Detroit,Pistons,DET,pistons,201565,Derrick,Rose,D. Rose,derrick-rose,,,25,203503,Tony,Snell,T. Snell,tony-snell,19,0:35,35.0,3.3,0.081,0.051,0.108,0,0,0,0,0,0,0,0,2,0.0,0,1,0.0,0,0,0,0.0,0,0,0
0022000219,1610612765,Detroit,Pistons,DET,pistons,201565,Derrick,Rose,D. Rose,derrick-rose,,,25,1629027,Trae,Young,T. Young,trae-young,11,3:37,216.6,17.7,0.204,0.318,0.483,0,2,16,1,0,0,0,1,3,0.333,0,0,0.0,0,0,0,0.0,0,0,0
0022000219,1610612765,Detroit,Pistons,DET,pistons,1630191,Isaiah,Stewart,I. Stewart,isaiah-stewart,,,28,203991,Clint,Capela,C. Capela,clint-capela,15,1:49,108.8,8.3,0.114,0.276,0.843,0,2,5,0,0,0,0,1,1,1.0,0,0,0.0,0,0,0,0.0,0,0,0
0022000219,1610612765,Detroit,Pistons,DET,pistons,1630191,Isaiah,Stewart,I. Stewart,isaiah-stewart,,,28,1628381,John,Collins,J. Collins,john-collins,20,0:21,20.6,1.7,0.02,0.052,0.131,0,0,2,0,0,0,0,0,0,0.0,0,0,0.0,0,0,0,0.0,0,0,0
0022000219,1610612765,Detroit,Pistons,DET,pistons,1630191,Isaiah,Stewart,I. Stewart,isaiah-stewart,,,28,1629164,Brandon,Goodwin,B. Goodwin,brandon-goodwin,0,0:27,27.2,1.9,0.096,0.069,0.107,0,0,4,0,0,0,0,0,0,0.0,0,0,0.0,0,0,0,0.0,0,0,0
0022000219,1610612765,Detroit,Pistons,DET,pistons,1630191,Isaiah,Stewart,I. Stewart,isaiah-stewart,,,28,203524,Solomon,Hill,S. Hill,solomon-hill,18,0:11,11.0,1.0,0.012,0.028,0.055,0,0,0,0,0,1,0,0,0,0.0,0,0,0.0,0,0,0,0.0,0,0,0
0022000219,1610612765,Detroit,Pistons,DET,pistons,1630191,Isaiah,Stewart,I. Stewart,isaiah-stewart,,,28,1628989,Kevin,Huerter,K. Huerter,kevin-huerter,3,0:01,1.4,0.1,0.002,0.004,0.01,0,0,0,0,0,0,0,0,0,0.0,0,0,0.0,0,0,0,0.0,0,0,0
0022000219,1610612765,Detroit,Pistons,DET,pistons,1630191,Isaiah,Stewart,I. Stewart,isaiah-stewart,,,28,1630233,Nathan,Knight,N. Knight,nathan-knight,1,0:17,17.4,1.5,0.116,0.044,0.144,0,0,2,0,0,0,0,0,0,0.0,0,0,0.0,0,0,0,0.0,0,0,0
0022000219,1610612765,Detroit,Pistons,DET,pistons,1630191,Isaiah,Stewart,I. Stewart,isaiah-stewart,,,28,1630168,Onyeka,Okongwu,O. Okongwu,onyeka-okongwu,17,3:11,190.8,16.9,0.568,0.485,0.721,0,2,14,0,0,0,1,1,3,0.333,0,0,0.0,0,0,0,0.0,0,0,0
0022000219,1610612765,Detroit,Pistons,DET,pistons,1630191,Isaiah,Stewart,I. Stewart,isaiah-stewart,,,28,200765,Rajon,Rondo,R. Rondo,rajon-rondo,7,0:02,2.0,0.1,0.006,0.005,0.012,0,0,0,0,0,0,0,0,0,0.0,0,0,0.0,0,0,0,0.0,0,0,0
0022000219,1610612765,Detroit,Pistons,DET,pistons,1630191,Isaiah,Stewart,I. Stewart,isaiah-stewart,,,28,203503,Tony,Snell,T. Snell,tony-snell,19,0:37,37.1,3.0,0.086,0.094,0.122,0,0,9,1,0,0,0,0,0,0.0,0,0,0.0,0,0,0,0.0,0,0,0
0022000219,1610612765,Detroit,Pistons,DET,pistons,1630191,Isaiah,Stewart,I. Stewart,isaiah-stewart,,,28,1629027,Trae,Young,T. Young,trae-young,11,0:12,12.1,1.1,0.011,0.031,0.054,0,0,0,0,0,0,0,0,0,0.0,0,0,0.0,0,0,0,0.0,0,0,0
0022000219,1610612765,Detroit,Pistons,DET,pistons,1630180,Saddiq,Bey,S. Bey,saddiq-bey,,,41,203991,Clint,Capela,C. Capela,clint-capela,15,0:06,5.7,0.4,0.006,0.028,0.084,0,0,0,0,0,0,0,0,0,0.0,0,0,0.0,0,0,0,0.0,0,0,0
0022000219,1610612765,Detroit,Pistons,DET,pistons,1630180,Saddiq,Bey,S. Bey,saddiq-bey,,,41,1628381,John,Collins,J. Collins,john-collins,20,0:41,41.2,5.1,0.04,0.205,0.817,0,0,4,0,0,0,0,0,1,0.0,0,1,0.0,0,0,0,0.0,0,0,0
0022000219,1610612765,Detroit,Pistons,DET,pistons,1630180,Saddiq,Bey,S. Bey,saddiq-bey,,,41,1629164,Brandon,Goodwin,B. Goodwin,brandon-goodwin,0,0:16,15.8,1.7,0.056,0.079,0.093,0,0,0,0,0,1,0,0,0,0.0,0,0,0.0,0,0,0,0.0,0,0,0
0022000219,1610612765,Detroit,Pistons,DET,pistons,1630180,Saddiq,Bey,S. Bey,saddiq-bey,,,41,1628989,Kevin,Huerter,K. Huerter,kevin-huerter,3,0:13,13.3,0.8,0.014,0.066,0.222,0,0,0,0,0,0,0,0,0,0.0,0,0,0.0,0,0,0,0.0,0,0,0
0022000219,1610612765,Detroit,Pistons,DET,pistons,1630180,Saddiq,Bey,S. Bey,saddiq-bey,,,41,1630233,Nathan,Knight,N. Knight,nathan-knight,1,0:17,17.1,0.9,0.114,0.085,0.114,0,0,2,1,0,0,0,0,0,0.0,0,0,0.0,0,0,0,0.0,0,0,0
0022000219,1610612765,Detroit,Pistons,DET,pistons,1630180,Saddiq,Bey,S. Bey,saddiq-bey,,,41,1630168,Onyeka,Okongwu,O. Okongwu,onyeka-okongwu,17,0:08,7.8,0.4,0.023,0.039,0.059,0,0,2,0,0,0,0,0,0,0.0,0,0,0.0,0,0,0,0.0,0,0,0
0022000219,1610612765,Detroit,Pistons,DET,pistons,1630180,Saddiq,Bey,S. Bey,saddiq-bey,,,41,200765,Rajon,Rondo,R. Rondo,rajon-rondo,7,0:14,14.3,0.7,0.045,0.071,0.132,0,0,3,0,0,0,0,0,0,0.0,0,0,0.0,0,0,0,0.0,0,0,0
0022000219,1610612765,Detroit,Pistons,DET,pistons,1630180,Saddiq,Bey,S. Bey,saddiq-bey,,,41,203503,Tony,Snell,T. Snell,tony-snell,19,0:56,55.8,4.0,0.13,0.278,0.325,0,0,2,0,0,0,0,0,1,0.0,0,1,0.0,0,0,0,0.0,0,0,0
0022000219,1610612765,Detroit,Pistons,DET,pistons,1630180,Saddiq,Bey,S. Bey,saddiq-bey,,,41,1629027,Trae,Young,T. Young,trae-young,11,0:11,11.0,1.3,0.01,0.055,0.12,0,0,2,0,0,0,0,0,0,0.0,0,0,0.0,0,0,0,0.0,0,0,0
0022000219,1610612765,Detroit,Pistons,DET,pistons,1628367,Josh,Jackson,J. Jackson,josh-jackson,,,20,203991,Clint,Capela,C. Capela,clint-capela,15,0:08,8.0,0.7,0.008,0.016,0.029,0,0,0,0,0,0,0,0,1,0.0,0,1,0.0,0,0,0,0.0,0,0,0
0022000219,1610612765,Detroit,Pistons,DET,pistons,1628367,Josh,Jackson,J. Jackson,josh-jackson,,,20,1628381,John,Collins,J. Collins,john-collins,20,0:15,14.6,1.0,0.014,0.03,0.064,0,0,0,0,0,2,0,0,0,0.0,0,0,0.0,0,0,0,0.0,0,0,0
0022000219,1610612765,Detroit,Pistons,DET,pistons,1628367,Josh,Jackson,J. Jackson,josh-jackson,,,20,1629164,Brandon,Goodwin,B. Goodwin,brandon-goodwin,0,0:42,42.4,3.0,0.149,0.086,0.149,0,0,0,0,0,0,0,0,1,0.0,0,0,0.0,0,0,0,0.0,0,0,0
0022000219,1610612765,Detroit,Pistons,DET,pistons,1628367,Josh,Jackson,J. Jackson,josh-jackson,,,20,203524,Solomon,Hill,S. Hill,solomon-hill,18,0:30,30.1,3.0,0.032,0.061,0.128,0,0,2,0,0,1,0,0,0,0.0,0,0,0.0,0,0,0,0.0,0,0,0
0022000219,1610612765,Detroit,Pistons,DET,pistons,1628367,Josh,Jackson,J. Jackson,josh-jackson,,,20,1628989,Kevin,Huerter,K. Huerter,kevin-huerter,3,1:32,91.9,7.0,0.096,0.186,0.588,0,0,7,1,0,0,0,0,0,0.0,0,0,0.0,0,0,0,0.0,0,0,0
0022000219,1610612765,Detroit,Pistons,DET,pistons,1628367,Josh,Jackson,J. Jackson,josh-jackson,,,20,1630233,Nathan,Knight,N. Knight,nathan-knight,1,0:30,30.0,2.8,0.2,0.061,0.2,0,3,5,0,0,0,0,1,1,1.0,0,0,0.0,0,0,0,0.0,1,1,1
0022000219,1610612765,Detroit,Pistons,DET,pistons,1628367,Josh,Jackson,J. Jackson,josh-jackson,,,20,200765,Rajon,Rondo,R. Rondo,rajon-rondo,7,1:49,108.6,6.9,0.34,0.219,0.34,0,0,2,0,0,0,0,0,2,0.0,0,2,0.0,0,0,0,0.0,0,0,0
0022000219,1610612765,Detroit,Pistons,DET,pistons,1628367,Josh,Jackson,J. Jackson,josh-jackson,,,20,203503,Tony,Snell,T. Snell,tony-snell,19,1:59,118.9,8.5,0.276,0.24,0.348,0,2,10,0,0,1,0,0,0,0.0,0,0,0.0,0,0,0,0.0,2,2,1
0022000219,1610612765,Detroit,Pistons,DET,pistons,1628367,Josh,Jackson,J. Jackson,josh-jackson,,,20,1629027,Trae,Young,T. Young,trae-young,11,0:49,49.4,5.6,0.047,0.1,0.188,0,2,7,0,0,0,0,1,2,0.5,0,0,0.0,0,0,0,0.0,0,0,0
0022000219,1610612765,Detroit,Pistons,DET,pistons,1629635,Sekou,Doumbouya,S. Doumbouya,sekou-doumbouya,,,45,203991,Clint,Capela,C. Capela,clint-capela,15,0:05,4.5,0.3,0.005,0.03,0.067,0,0,0,0,0,0,0,0,0,0.0,0,0,0.0,0,0,0,0.0,0,0,0
0022000219,1610612765,Detroit,Pistons,DET,pistons,1629635,Sekou,Doumbouya,S. Doumbouya,sekou-doumbouya,,,45,1629164,Brandon,Goodwin,B. Goodwin,brandon-goodwin,0,0:09,8.7,0.5,0.031,0.058,0.058,0,0,2,0,0,0,0,0,0,0.0,0,0,0.0,0,0,0,0.0,0,0,0
0022000219,1610612765,Detroit,Pistons,DET,pistons,1629635,Sekou,Doumbouya,S. Doumbouya,sekou-doumbouya,,,45,1628989,Kevin,Huerter,K. Huerter,kevin-huerter,3,0:05,5.4,0.3,0.006,0.036,0.186,0,0,3,0,0,0,0,0,0,0.0,0,0,0.0,0,0,0,0.0,0,0,0
0022000219,1610612765,Detroit,Pistons,DET,pistons,1629635,Sekou,Doumbouya,S. Doumbouya,sekou-doumbouya,,,45,1630233,Nathan,Knight,N. Knight,nathan-knight,1,1:24,84.4,5.3,0.561,0.561,0.561,0,0,0,0,0,0,0,0,1,0.0,0,1,0.0,0,0,0,0.0,0,0,0
0022000219,1610612765,Detroit,Pistons,DET,pistons,1629635,Sekou,Doumbouya,S. Doumbouya,sekou-doumbouya,,,45,1630168,Onyeka,Okongwu,O. Okongwu,onyeka-okongwu,17,0:10,9.5,1.2,0.028,0.063,0.115,0,0,2,0,0,0,0,0,0,0.0,0,0,0.0,0,0,0,0.0,0,0,0
0022000219,1610612765,Detroit,Pistons,DET,pistons,1629635,Sekou,Doumbouya,S. Doumbouya,sekou-doumbouya,,,45,200765,Rajon,Rondo,R. Rondo,rajon-rondo,7,0:13,12.7,1.6,0.04,0.085,0.117,0,0,0,0,0,0,0,0,0,0.0,0,0,0.0,0,0,0,0.0,0,0,0
0022000219,1610612765,Detroit,Pistons,DET,pistons,1629635,Sekou,Doumbouya,S. Doumbouya,sekou-doumbouya,,,45,203503,Tony,Snell,T. Snell,tony-snell,19,0:19,19.4,1.2,0.045,0.129,0.16,0,0,2,0,0,0,0,0,0,0.0,0,0,0.0,0,0,0,0.0,0,0,0
0022000219,1610612765,Detroit,Pistons,DET,pistons,1629635,Sekou,Doumbouya,S. Doumbouya,sekou-doumbouya,,,45,1629027,Trae,Young,T. Young,trae-young,11,0:10,10.0,0.6,0.009,0.066,0.238,0,0,0,1,0,0,0,0,0,0.0,0,0,0.0,0,0,0,0.0,0,0,0
0022000219,1610612765,Detroit,Pistons,DET,pistons,1626143,Jahlil,Okafor,J. Okafor,jahlil-okafor,,,13,203991,Clint,Capela,C. Capela,clint-capela,15,2:37,156.6,11.0,0.164,0.673,0.8,0,0,5,0,0,0,1,0,1,0.0,0,0,0.0,0,0,0,0.0,0,0,0
0022000219,1610612765,Detroit,Pistons,DET,pistons,1626143,Jahlil,Okafor,J. Okafor,jahlil-okafor,,,13,1628381,John,Collins,J. Collins,john-collins,20,0:44,44.1,4.5,0.043,0.19,0.19,0,2,4,0,0,0,0,1,2,0.5,0,0,0.0,0,0,0,0.0,0,0,0
0022000219,1610612765,Detroit,Pistons,DET,pistons,1626143,Jahlil,Okafor,J. Okafor,jahlil-okafor,,,13,203524,Solomon,Hill,S. Hill,solomon-hill,18,0:03,2.9,0.2,0.003,0.012,0.02,0,0,0,0,0,0,0,0,0,0.0,0,0,0.0,0,0,0,0.0,0,0,0
0022000219,1610612765,Detroit,Pistons,DET,pistons,1626143,Jahlil,Okafor,J. Okafor,jahlil-okafor,,,13,1628989,Kevin,Huerter,K. Huerter,kevin-huerter,3,0:06,5.8,0.8,0.006,0.025,0.04,0,0,0,0,0,0,0,0,0,0.0,0,0,0.0,0,0,0,0.0,0,0,0
0022000219,1610612765,Detroit,Pistons,DET,pistons,1626143,Jahlil,Okafor,J. Okafor,jahlil-okafor,,,13,1630168,Onyeka,Okongwu,O. Okongwu,onyeka-okongwu,17,0:12,11.7,0.5,0.035,0.05,0.317,0,0,0,0,0,0,0,0,0,0.0,0,0,0.0,0,0,0,0.0,0,0,0
0022000219,1610612765,Detroit,Pistons,DET,pistons,1626143,Jahlil,Okafor,J. Okafor,jahlil-okafor,,,13,200765,Rajon,Rondo,R. Rondo,rajon-rondo,7,0:01,1.4,0.1,0.005,0.006,0.017,0,0,0,0,0,0,0,0,0,0.0,0,0,0.0,0,0,0,0.0,0,0,0
0022000219,1610612765,Detroit,Pistons,DET,pistons,1626143,Jahlil,Okafor,J. Okafor,jahlil-okafor,,,13,203503,Tony,Snell,T. Snell,tony-snell,19,0:05,5.3,0.7,0.012,0.023,0.061,0,0,2,0,0,0,0,0,0,0.0,0,0,0.0,0,0,0,0.0,0,0,0
0022000219,1610612765,Detroit,Pistons,DET,pistons,1626143,Jahlil,Okafor,J. Okafor,jahlil-okafor,,,13,1629027,Trae,Young,T. Young,trae-young,11,0:19,18.9,2.2,0.018,0.081,0.081,0,0,6,0,0,0,0,0,0,0.0,0,0,0.0,0,0,0,0.0,0,0,0
0022000219,1610612765,Detroit,Pistons,DET,pistons,1629004,Svi,Mykhailiuk,S. Mykhailiuk,svi-mykhailiuk,,,19,203991,Clint,Capela,C. Capela,clint-capela,15,0:01,1.4,0.1,0.002,0.005,0.008,0,0,0,0,0,0,0,0,0,0.0,0,0,0.0,0,0,0,0.0,0,0,0
0022000219,1610612765,Detroit,Pistons,DET,pistons,1629004,Svi,Mykhailiuk,S. Mykhailiuk,svi-mykhailiuk,,,19,1628381,John,Collins,J. Collins,john-collins,20,0:44,44.3,3.8,0.043,0.139,0.217,0,3,3,0,0,0,0,1,1,1.0,1,1,1.0,0,0,0,0.0,0,0,0
0022000219,1610612765,Detroit,Pistons,DET,pistons,1629004,Svi,Mykhailiuk,S. Mykhailiuk,svi-mykhailiuk,,,19,1629164,Brandon,Goodwin,B. Goodwin,brandon-goodwin,0,0:17,17.1,1.4,0.06,0.054,0.149,0,0,2,0,0,0,0,0,0,0.0,0,0,0.0,0,0,0,0.0,0,0,0
0022000219,1610612765,Detroit,Pistons,DET,pistons,1629004,Svi,Mykhailiuk,S. Mykhailiuk,svi-mykhailiuk,,,19,203524,Solomon,Hill,S. Hill,solomon-hill,18,0:57,57.2,4.5,0.06,0.179,0.261,0,0,2,0,0,0,0,0,0,0.0,0,0,0.0,0,0,0,0.0,0,0,0
0022000219,1610612765,Detroit,Pistons,DET,pistons,1629004,Svi,Mykhailiuk,S. Mykhailiuk,svi-mykhailiuk,,,19,1628989,Kevin,Huerter,K. Huerter,kevin-huerter,3,0:07,6.6,0.5,0.007,0.021,0.055,0,0,0,0,0,0,0,0,0,0.0,0,0,0.0,0,0,0,0.0,0,0,0
0022000219,1610612765,Detroit,Pistons,DET,pistons,1629004,Svi,Mykhailiuk,S. Mykhailiuk,svi-mykhailiuk,,,19,1630168,Onyeka,Okongwu,O. Okongwu,onyeka-okongwu,17,0:16,15.5,1.1,0.046,0.049,0.124,0,3,3,0,0,0,0,1,1,1.0,1,1,1.0,0,0,0,0.0,0,0,0
0022000219,1610612765,Detroit,Pistons,DET,pistons,1629004,Svi,Mykhailiuk,S. Mykhailiuk,svi-mykhailiuk,,,19,200765,Rajon,Rondo,R. Rondo,rajon-rondo,7,0:27,26.6,1.9,0.083,0.083,0.15,0,0,0,0,0,0,0,0,1,0.0,0,1,0.0,0,0,0,0.0,0,0,0
0022000219,1610612765,Detroit,Pistons,DET,pistons,1629004,Svi,Mykhailiuk,S. Mykhailiuk,svi-mykhailiuk,,,19,203503,Tony,Snell,T. Snell,tony-snell,19,0:26,25.7,1.7,0.06,0.081,0.119,0,0,0,0,0,0,0,0,0,0.0,0,0,0.0,0,0,0,0.0,0,0,0
0022000219,1610612765,Detroit,Pistons,DET,pistons,1629004,Svi,Mykhailiuk,S. Mykhailiuk,svi-mykhailiuk,,,19,1629027,Trae,Young,T. Young,trae-young,11,2:09,128.9,10.7,0.122,0.405,0.564,0,0,10,0,0,1,0,0,1,0.0,0,1,0.0,0,0,0,0.0,0,0,0
