gameId,actionNumber,clock,period,teamId,teamTricode,personId,playerName,playerNameI,xLegacy,yLegacy,shotDistance,shotResult,isFieldGoal,scoreHome,scoreAway,pointsTotal,location,description,actionType,subType,videoAvailable,shotValue,actionId
0022000657,2,PT12M00.00S,1,0,,0,,,0,0,0,,0,0,0,0,,Start of 1st Period (9:11 PM EST),period,start,0,0,1
0022000657,4,PT12M00.00S,1,1610612745,HOU,1626174,Wood,C. Wood,0,0,0,,0,,,0,h,Jump Ball Wood vs. Siakam: Tip to Johnson,Jump Ball,,1,0,2
0022000657,7,PT11M45.00S,1,1610612761,TOR,200768,Lowry,K. Lowry,-5,31,3,Made,1,0,2,2,v,Lowry 3' Driving Finger Roll Layup (2 PTS),Made Shot,Driving Finger Roll Layup Shot,1,2,3
0022000657,8,PT11M35.00S,1,1610612745,HOU,1627863,House Jr.,D. House Jr.,-188,173,26,Missed,1,,,0,h,MISS House Jr. 26' 3PT Jump Shot,Missed Shot,Jump Shot,1,3,4
0022000657,9,PT11M31.00S,1,1610612761,TOR,1626169,Johnson,S. Johnson,0,0,0,,0,,,0,v,Johnson REBOUND (Off:0 Def:1),Rebound,Unknown,1,0,5
0022000657,10,PT11M14.00S,1,1610612761,TOR,1627832,VanVleet,F. VanVleet,193,204,28,Missed,1,,,0,v,MISS VanVleet 28' 3PT Jump Shot,Missed Shot,Jump Shot,1,3,6
0022000657,11,PT11M13.00S,1,1610612745,HOU,1626174,Wood,C. Wood,0,0,0,,0,,,0,h,Wood REBOUND (Off:0 Def:1),Rebound,Unknown,1,0,7
0022000657,12,PT10M55.00S,1,1610612745,HOU,202322,Wall,J. Wall,169,210,27,Missed,1,,,0,h,MISS Wall 27' 3PT Jump Shot,Missed Shot,Jump Shot,1,3,8
0022000657,13,PT10M52.00S,1,1610612745,HOU,1628425,Brown,S. Brown,0,0,0,,0,,,0,h,Brown REBOUND (Off:1 Def:0),Rebound,Unknown,1,0,9
0022000657,14,PT10M51.00S,1,1610612745,HOU,1628425,Brown,S. Brown,15,12,2,Made,1,2,2,4,h,Brown 2' Putback Layup (2 PTS),Made Shot,Putback Layup Shot,1,2,10
0022000657,15,PT10M36.00S,1,1610612761,TOR,1626181,Powell,N. Powell,-95,237,26,Missed,1,,,0,v,MISS Powell 26' 3PT Pullup Jump Shot,Missed Shot,Pullup Jump shot,1,3,11
0022000657,16,PT10M35.00S,1,1610612745,HOU,1627863,House Jr.,D. House Jr.,0,0,0,,0,,,0,h,House Jr. REBOUND (Off:0 Def:1),Rebound,Unknown,1,0,12
0022000657,17,PT10M09.00S,1,1610612745,HOU,1630256,Tate,J. Tate,9,26,3,Made,1,4,2,6,h,Tate 3' Layup (2 PTS) (House Jr. 1 AST),Made Shot,Layup Shot,1,2,13
0022000657,19,PT09M52.00S,1,1610612761,TOR,1627783,Siakam,P. Siakam,-87,152,18,Missed,1,,,0,v,MISS Siakam 18' Jump Shot,Missed Shot,Jump Shot,1,2,14
0022000657,20,PT09M51.00S,1,1610612745,HOU,202322,Wall,J. Wall,0,0,0,,0,,,0,h,Wall REBOUND (Off:0 Def:1),Rebound,Unknown,1,0,15
0022000657,21,PT09M46.00S,1,1610612745,HOU,202322,Wall,J. Wall,32,-6,3,Missed,1,,,0,h,MISS Wall 3' Running Layup,Missed Shot,Running Layup Shot,1,2,16
0022000657,21,PT09M46.00S,1,1610612761,TOR,200768,Lowry,K. Lowry,0,0,0,,0,,,0,v,Lowry BLOCK (1 BLK),,,1,2,17
0022000657,23,PT09M43.00S,1,1610612761,TOR,1627783,Siakam,P. Siakam,0,0,0,,0,,,0,v,Siakam REBOUND (Off:0 Def:1),Rebound,Unknown,1,0,18
0022000657,24,PT09M39.00S,1,1610612761,TOR,1627783,Siakam,P. Siakam,-22,10,2,Made,1,4,4,8,v,Siakam 2' Running Layup (2 PTS),Made Shot,Running Layup Shot,1,2,19
0022000657,25,PT09M27.00S,1,1610612745,HOU,1626174,Wood,C. Wood,-78,238,25,Missed,1,,,0,h,MISS Wood 25' 3PT Jump Shot,Missed Shot,Jump Shot,1,3,20
0022000657,26,PT09M25.00S,1,1610612761,TOR,200768,Lowry,K. Lowry,0,0,0,,0,,,0,v,Lowry REBOUND (Off:0 Def:1),Rebound,Unknown,1,0,21
0022000657,27,PT09M19.00S,1,1610612761,TOR,1627783,Siakam,P. Siakam,-30,98,10,Made,1,4,6,10,v,Siakam 10' Turnaround Hook Shot (4 PTS),Made Shot,Turnaround Hook Shot,1,2,22
0022000657,28,PT09M04.00S,1,1610612745,HOU,1628425,Brown,S. Brown,4,23,2,Made,1,6,6,12,h,Brown 2' Alley Oop Layup (4 PTS) (Wall 1 AST),Made Shot,Alley Oop Layup shot,1,2,23
0022000657,30,PT08M50.00S,1,1610612761,TOR,1626181,Powell,N. Powell,-13,16,2,Made,1,6,8,14,v,Powell 2' Alley Oop Layup (2 PTS) (Lowry 1 AST),Made Shot,Alley Oop Layup shot,1,2,24
0022000657,32,PT08M36.00S,1,1610612761,TOR,1626181,Powell,N. Powell,0,0,0,,0,,,0,v,Powell P.FOUL (P1.T1) (J.Williams),Foul,Personal,1,0,25
0022000657,34,PT08M30.00S,1,1610612761,TOR,1626169,Johnson,S. Johnson,0,0,0,,0,,,0,v,Johnson P.FOUL (P1.T2) (S.Jelks),Foul,Personal,1,0,26
0022000657,36,PT08M24.00S,1,1610612745,HOU,202322,Wall,J. Wall,6,12,1,Missed,1,,,0,h,MISS Wall 1' Driving Floating Jump Shot,Missed Shot,Driving Floating Jump Shot,1,2,27
0022000657,37,PT08M22.00S,1,1610612761,TOR,1626169,Johnson,S. Johnson,0,0,0,,0,,,0,v,Johnson REBOUND (Off:0 Def:2),Rebound,Unknown,1,0,28
0022000657,38,PT08M19.00S,1,1610612761,TOR,1626169,Johnson,S. Johnson,0,0,0,,0,,,0,v,Johnson Offensive Charge Foul (P2.T3) (S.Jelks),Foul,Offensive Charge,1,0,29
0022000657,40,PT08M19.00S,1,1610612761,TOR,1626169,Johnson,S. Johnson,0,0,0,,0,,,0,v,Johnson Offensive Foul Turnover (P1.T1),Turnover,Offensive Foul Turnover,1,0,30
0022000657,41,PT07M59.00S,1,1610612745,HOU,1626174,Wood,C. Wood,-99,25,10,Missed,1,,,0,h,MISS Wood 10' Fadeaway Jumper,Missed Shot,Fadeaway Jump Shot,1,2,31
0022000657,42,PT07M58.00S,1,1610612761,TOR,1626181,Powell,N. Powell,0,0,0,,0,,,0,v,Powell REBOUND (Off:0 Def:1),Rebound,Unknown,1,0,32
0022000657,43,PT07M52.00S,1,1610612761,TOR,200768,Lowry,K. Lowry,13,9,2,Made,1,6,10,16,v,Lowry 2' Running Finger Roll Layup (4 PTS) (Powell 1 AST),Made Shot,Running Finger Roll Layup Shot,1,2,33
0022000657,46,PT07M42.00S,1,1610612761,TOR,1627832,VanVleet,F. VanVleet,0,0,0,,0,,,0,v,VanVleet Violation:Kicked Ball (J.Williams),Violation,Kicked Ball,0,0,34
0022000657,47,PT07M34.00S,1,1610612745,HOU,1628425,Brown,S. Brown,237,1,24,Made,1,9,10,19,h,Brown 24' 3PT Jump Shot (7 PTS) (House Jr. 2 AST),Made Shot,Jump Shot,1,3,35
0022000657,49,PT07M22.00S,1,1610612761,TOR,1626181,Powell,N. Powell,-11,34,4,Made,1,9,12,21,v,Powell 4' Cutting Dunk Shot (4 PTS) (Lowry 2 AST),Made Shot,Cutting Dunk Shot,1,2,36
0022000657,51,PT07M12.00S,1,1610612745,HOU,202322,Wall,J. Wall,0,0,0,,0,,,0,h,Wall Lost Ball Turnover (P1.T1),Turnover,Lost Ball,1,0,37
0022000657,51,PT07M12.00S,1,1610612761,TOR,1626181,Powell,N. Powell,0,0,0,,0,,,0,v,Powell STEAL (1 STL),,,1,0,38
0022000657,53,PT07M09.00S,1,1610612761,TOR,1627783,Siakam,P. Siakam,-4,4,1,Made,1,9,14,23,v,Siakam 1' Running Dunk (6 PTS),Made Shot,Running Dunk Shot,1,2,39
0022000657,54,PT07M01.00S,1,1610612761,TOR,1627832,VanVleet,F. VanVleet,0,0,0,,0,,,0,v,VanVleet Personal Take Foul (P1.T4) (S.Jelks),Foul,Personal Take,1,0,40
0022000657,57,PT07M00.00S,1,1610612745,HOU,202322,Wall,J. Wall,0,0,0,,0,,,0,h,Wall T.FOUL (P0.T0) (S.Jelks),Foul,Technical,1,0,41
0022000657,58,PT07M00.00S,1,1610612761,TOR,1627832,VanVleet,F. VanVleet,0,0,0,,0,9,15,24,v,VanVleet Free Throw Technical (1 PTS),Free Throw,Free Throw Technical,1,0,42
0022000657,59,PT06M50.00S,1,1610612745,HOU,202322,Wall,J. Wall,8,10,1,Missed,1,,,0,h,MISS Wall 1' Driving Finger Roll Layup,Missed Shot,Driving Finger Roll Layup Shot,1,2,43
0022000657,60,PT06M48.00S,1,1610612761,TOR,1627832,VanVleet,F. VanVleet,0,0,0,,0,,,0,v,VanVleet REBOUND (Off:0 Def:1),Rebound,Unknown,1,0,44
0022000657,61,PT06M43.00S,1,1610612761,TOR,1627783,Siakam,P. Siakam,-239,6,24,Missed,1,,,0,v,MISS Siakam 24' 3PT Jump Shot,Missed Shot,Jump Shot,1,3,45
0022000657,62,PT06M41.00S,1,1610612745,HOU,1628425,Brown,S. Brown,0,0,0,,0,,,0,h,Brown REBOUND (Off:1 Def:1),Rebound,Unknown,1,0,46
0022000657,63,PT06M23.00S,1,1610612745,HOU,1628425,Brown,S. Brown,106,241,26,Made,1,12,15,27,h,Brown 26' 3PT Jump Shot (10 PTS) (Wall 2 AST),Made Shot,Jump Shot,1,3,47
0022000657,65,PT06M00.00S,1,1610612761,TOR,1627832,VanVleet,F. VanVleet,-141,104,18,Missed,1,,,0,v,MISS VanVleet 18' Driving Floating Jump Shot,Missed Shot,Driving Floating Jump Shot,1,2,48
0022000657,66,PT05M59.00S,1,1610612745,HOU,1628425,Brown,S. Brown,0,0,0,,0,,,0,h,Brown REBOUND (Off:1 Def:2),Rebound,Unknown,1,0,49
0022000657,67,PT05M48.00S,1,1610612745,HOU,1628425,Brown,S. Brown,75,256,27,Made,1,15,15,30,h,Brown 27' 3PT Jump Shot (13 PTS) (Tate 1 AST),Made Shot,Jump Shot,1,3,50
0022000657,69,PT05M40.00S,1,0,,1610612761,,,0,0,0,,0,,,0,v,Raptors Timeout: Regular (Reg.1 Short 0),Timeout,Regular,0,0,51
0022000657,70,PT05M40.00S,1,1610612761,TOR,1626169,Johnson,S. Johnson,0,0,0,,0,,,0,v,SUB: Boucher FOR Johnson,Substitution,,0,0,52
0022000657,71,PT05M40.00S,1,1610612761,TOR,200768,Lowry,K. Lowry,0,0,0,,0,,,0,v,SUB: Flynn FOR Lowry,Substitution,,0,0,53
0022000657,74,PT05M24.00S,1,1610612761,TOR,1627783,Siakam,P. Siakam,82,50,10,Missed,1,,,0,v,MISS Siakam 10' Turnaround Hook Shot,Missed Shot,Turnaround Hook Shot,1,2,54
0022000657,75,PT05M22.00S,1,0,,1610612761,,,0,0,0,,0,,,0,v,Raptors Rebound,Rebound,Unknown,0,0,55
0022000657,77,PT05M19.00S,1,1610612761,TOR,1627832,VanVleet,F. VanVleet,0,0,0,,0,,,0,v,VanVleet Bad Pass Turnover (P1.T2),Turnover,Bad Pass,1,0,56
0022000657,77,PT05M19.00S,1,1610612745,HOU,202322,Wall,J. Wall,0,0,0,,0,,,0,h,Wall STEAL (1 STL),,,1,0,57
0022000657,79,PT05M17.00S,1,1610612745,HOU,202322,Wall,J. Wall,4,8,1,Made,1,17,15,32,h,Wall 1' Running Dunk (2 PTS),Made Shot,Running Dunk Shot,1,2,58
0022000657,80,PT04M54.00S,1,1610612761,TOR,1627832,VanVleet,F. VanVleet,-4,82,8,Made,1,17,17,34,v,VanVleet 8' Driving Finger Roll Layup (3 PTS) (Flynn 1 AST),Made Shot,Driving Finger Roll Layup Shot,1,2,59
0022000657,82,PT04M46.00S,1,1610612761,TOR,1627783,Siakam,P. Siakam,0,0,0,,0,,,0,v,Siakam S.FOUL (P1.PN) (M.Ervin),Foul,Shooting,1,0,60
0022000657,84,PT04M46.00S,1,1610612745,HOU,1627863,House Jr.,D. House Jr.,0,0,0,,0,18,17,35,h,House Jr. Free Throw 1 of 2 (1 PTS),Free Throw,Free Throw 1 of 2,1,0,61
0022000657,85,PT04M46.00S,1,1610612745,HOU,1627863,House Jr.,D. House Jr.,0,0,0,,0,19,17,36,h,House Jr. Free Throw 2 of 2 (2 PTS),Free Throw,Free Throw 2 of 2,1,0,62
0022000657,86,PT04M36.00S,1,1610612761,TOR,1630201,Flynn,M. Flynn,230,30,0,Missed,1,,,0,v,MISS Flynn 3PT Jump Shot,Missed Shot,Jump Shot,1,3,63
0022000657,87,PT04M35.00S,1,1610612745,HOU,1630256,Tate,J. Tate,0,0,0,,0,,,0,h,Tate REBOUND (Off:0 Def:1),Rebound,Unknown,1,0,64
0022000657,88,PT04M25.00S,1,1610612745,HOU,202322,Wall,J. Wall,2,179,18,Missed,1,,,0,h,MISS Wall 18' Pullup Jump Shot,Missed Shot,Pullup Jump shot,1,2,65
0022000657,89,PT04M24.00S,1,1610612761,TOR,1627783,Siakam,P. Siakam,0,0,0,,0,,,0,v,Siakam REBOUND (Off:0 Def:2),Rebound,Unknown,1,0,66
0022000657,90,PT04M17.00S,1,1610612745,HOU,1626174,Wood,C. Wood,0,0,0,,0,,,0,h,Wood S.FOUL (P1.T1) (J.Williams),Foul,Shooting,1,0,67
0022000657,92,PT04M17.00S,1,1610612761,TOR,1627783,Siakam,P. Siakam,0,0,0,,0,,,0,v,MISS Siakam Free Throw 1 of 2,Free Throw,Free Throw 1 of 2,1,0,68
0022000657,98,PT04M17.00S,1,0,,1610612761,,,0,0,0,,0,,,0,v,Raptors Rebound,Rebound,Normal Rebound,0,0,69
0022000657,99,PT04M17.00S,1,1610612761,TOR,1627783,Siakam,P. Siakam,0,0,0,,0,19,18,37,v,Siakam Free Throw 2 of 2 (7 PTS),Free Throw,Free Throw 2 of 2,1,0,70
0022000657,94,PT04M17.00S,1,1610612745,HOU,1630256,Tate,J. Tate,0,0,0,,0,,,0,h,SUB: Martin Jr. FOR Tate,Substitution,,0,0,71
0022000657,96,PT04M17.00S,1,1610612761,TOR,1626181,Powell,N. Powell,0,0,0,,0,,,0,v,SUB: Watson FOR Powell,Substitution,,0,0,72
0022000657,100,PT04M02.00S,1,1610612745,HOU,1626174,Wood,C. Wood,0,0,0,,0,,,0,h,Wood OFF.Foul (P2) (M.Ervin),Foul,Offensive,1,0,73
0022000657,102,PT04M02.00S,1,1610612745,HOU,1626174,Wood,C. Wood,0,0,0,,0,,,0,h,Wood Offensive Foul Turnover (P1.T2),Turnover,Offensive Foul Turnover,1,0,74
0022000657,103,PT04M02.00S,1,1610612745,HOU,1628425,Brown,S. Brown,0,0,0,,0,,,0,h,SUB: Wilson FOR Brown,Substitution,,0,0,75
0022000657,104,PT04M02.00S,1,1610612745,HOU,1626174,Wood,C. Wood,0,0,0,,0,,,0,h,SUB: Augustin FOR Wood,Substitution,,0,0,76
0022000657,107,PT03M50.00S,1,1610612761,TOR,1627783,Siakam,P. Siakam,35,42,5,Made,1,19,20,39,v,Siakam 5' Turnaround Hook Shot (9 PTS),Made Shot,Turnaround Hook Shot,1,2,77
0022000657,108,PT03M34.00S,1,1610612745,HOU,202322,Wall,J. Wall,13,142,14,Made,1,21,20,41,h,Wall 14' Pullup Jump Shot (4 PTS),Made Shot,Pullup Jump shot,1,2,78
0022000657,109,PT03M22.00S,1,1610612761,TOR,1628449,Boucher,C. Boucher,-123,230,26,Missed,1,,,0,v,MISS Boucher 26' 3PT Jump Shot,Missed Shot,Jump Shot,1,3,79
0022000657,110,PT03M21.00S,1,1610612745,HOU,1630231,Martin,K. Martin,0,0,0,,0,,,0,h,Martin Jr. REBOUND (Off:0 Def:1),Rebound,Unknown,1,0,80
0022000657,111,PT03M10.00S,1,1610612745,HOU,202322,Wall,J. Wall,0,0,0,,0,,,0,h,Wall Lost Ball Turnover (P2.T3),Turnover,Lost Ball,1,0,81
0022000657,111,PT03M10.00S,1,1610612761,TOR,1627832,VanVleet,F. VanVleet,0,0,0,,0,,,0,v,VanVleet STEAL (1 STL),,,1,0,82
0022000657,113,PT03M06.00S,1,1610612761,TOR,1627832,VanVleet,F. VanVleet,-19,20,3,Made,1,21,22,43,v,VanVleet 3' Running Layup (5 PTS),Made Shot,Running Layup Shot,1,2,83
0022000657,114,PT02M51.00S,1,1610612745,HOU,201571,Augustin,D. Augustin,-70,252,26,Missed,1,,,0,h,MISS Augustin 26' 3PT Pullup Jump Shot,Missed Shot,Pullup Jump shot,1,3,84
0022000657,115,PT02M50.00S,1,1610612761,TOR,1628778,Watson,P. Watson,0,0,0,,0,,,0,v,Watson REBOUND (Off:0 Def:1),Rebound,Unknown,1,0,85
0022000657,116,PT02M43.00S,1,1610612761,TOR,1628778,Watson,P. Watson,-234,19,0,Made,1,21,25,46,v,Watson 3PT Jump Shot (3 PTS) (Siakam 1 AST),Made Shot,Jump Shot,1,3,86
0022000657,118,PT02M22.00S,1,1610612745,HOU,202322,Wall,J. Wall,146,221,26,Missed,1,,,0,h,MISS Wall 26' 3PT Jump Shot,Missed Shot,Jump Shot,1,3,87
0022000657,119,PT02M22.00S,1,1610612761,TOR,1628449,Boucher,C. Boucher,0,0,0,,0,,,0,v,Boucher REBOUND (Off:0 Def:1),Rebound,Unknown,1,0,88
0022000657,120,PT02M14.00S,1,1610612761,TOR,1627832,VanVleet,F. VanVleet,18,260,26,Missed,1,,,0,v,MISS VanVleet 26' 3PT Jump Shot,Missed Shot,Jump Shot,1,3,89
0022000657,121,PT02M13.00S,1,0,,1610612761,,,0,0,0,,0,,,0,v,Raptors Rebound,Rebound,Unknown,0,0,90
0022000657,122,PT02M13.00S,1,1610612745,HOU,1630231,Martin,K. Martin,0,0,0,,0,,,0,h,Martin Jr. L.B.FOUL (P1.T2) (S.Jelks),Foul,Loose Ball,1,0,91
0022000657,124,PT02M13.00S,1,0,,1610612745,,,0,0,0,,0,,,0,h,ROCKETS Timeout: Regular (Full 1 Short 0),Timeout,Regular,0,0,92
0022000657,125,PT02M13.00S,1,1610612745,HOU,202322,Wall,J. Wall,0,0,0,,0,,,0,h,SUB: McLemore FOR Wall,Substitution,,0,0,93
0022000657,126,PT02M13.00S,1,1610612761,TOR,1627832,VanVleet,F. VanVleet,0,0,0,,0,,,0,v,SUB: Baynes FOR VanVleet,Substitution,,0,0,94
0022000657,127,PT02M13.00S,1,1610612761,TOR,1627783,Siakam,P. Siakam,0,0,0,,0,,,0,v,SUB: Lowry FOR Siakam,Substitution,,0,0,95
0022000657,131,PT02M05.00S,1,1610612761,TOR,1628778,Watson,P. Watson,-226,26,0,Made,1,21,28,49,v,Watson 3PT Jump Shot (6 PTS) (Flynn 2 AST),Made Shot,Jump Shot,1,3,96
0022000657,133,PT01M48.00S,1,1610612745,HOU,1628391,Wilson,D. Wilson,-132,168,21,Missed,1,,,0,h,MISS Wilson 21' Step Back Jump Shot,Missed Shot,Step Back Jump shot,1,2,97
0022000657,134,PT01M47.00S,1,1610612761,TOR,1628449,Boucher,C. Boucher,0,0,0,,0,,,0,v,Boucher REBOUND (Off:0 Def:2),Rebound,Unknown,1,0,98
0022000657,135,PT01M36.00S,1,1610612761,TOR,1630201,Flynn,M. Flynn,94,110,14,Missed,1,,,0,v,MISS Flynn 14' Pullup Jump Shot,Missed Shot,Pullup Jump shot,1,2,99
0022000657,136,PT01M35.00S,1,1610612761,TOR,203382,Baynes,A. Baynes,0,0,0,,0,,,0,v,Baynes REBOUND (Off:1 Def:0),Rebound,Unknown,1,0,100
0022000657,137,PT01M32.00S,1,1610612761,TOR,200768,Lowry,K. Lowry,-141,252,29,Missed,1,,,0,v,MISS Lowry 29' 3PT Jump Shot,Missed Shot,Jump Shot,1,3,101
0022000657,138,PT01M32.00S,1,1610612745,HOU,1630231,Martin,K. Martin,0,0,0,,0,,,0,h,Martin Jr. REBOUND (Off:0 Def:2),Rebound,Unknown,1,0,102
0022000657,139,PT01M21.00S,1,1610612745,HOU,1627863,House Jr.,D. House Jr.,-18,8,2,Made,1,23,28,51,h,House Jr. 2' Driving Layup (4 PTS),Made Shot,Driving Layup Shot,1,2,103
0022000657,140,PT01M21.00S,1,1610612761,TOR,203382,Baynes,A. Baynes,0,0,0,,0,,,0,v,Baynes S.FOUL (P1.PN) (J.Williams),Foul,Shooting,1,0,104
0022000657,142,PT01M21.00S,1,1610612745,HOU,1627863,House Jr.,D. House Jr.,0,0,0,,0,,,0,h,MISS House Jr. Free Throw 1 of 1,Free Throw,Free Throw 1 of 1,1,0,105
0022000657,143,PT01M19.00S,1,0,,1610612745,,,0,0,0,,0,,,0,h,ROCKETS Rebound,Rebound,Unknown,0,0,106
0022000657,145,PT01M13.00S,1,1610612745,HOU,203463,McLemore,B. McLemore,-153,209,26,Missed,1,,,0,h,MISS McLemore 26' 3PT Jump Shot,Missed Shot,Jump Shot,1,3,107
0022000657,146,PT01M12.00S,1,0,,1610612745,,,0,0,0,,0,,,0,h,ROCKETS Rebound,Rebound,Unknown,0,0,108
0022000657,148,PT00M58.10S,1,1610612745,HOU,1628391,Wilson,D. Wilson,-46,112,12,Made,1,25,28,53,h,Wilson 12' Fadeaway Jumper (2 PTS) (House Jr. 3 AST),Made Shot,Fadeaway Jump Shot,1,2,109
0022000657,151,PT00M35.20S,1,1610612761,TOR,1630201,Flynn,M. Flynn,0,0,0,,0,,,0,v,Flynn Bad Pass Turnover (P1.T3),Turnover,Bad Pass,1,0,110
0022000657,151,PT00M35.20S,1,1610612745,HOU,203463,McLemore,B. McLemore,0,0,0,,0,,,0,h,McLemore STEAL (1 STL),,,1,0,111
0022000657,153,PT00M28.70S,1,1610612761,TOR,203382,Baynes,A. Baynes,0,0,0,,0,,,0,v,Baynes P.FOUL (P2.PN) (M.Ervin),Foul,Personal,1,0,112
0022000657,155,PT00M28.70S,1,1610612745,HOU,1628391,Wilson,D. Wilson,0,0,0,,0,26,28,54,h,Wilson Free Throw 1 of 2 (3 PTS),Free Throw,Free Throw 1 of 2,1,0,113
0022000657,156,PT00M28.70S,1,1610612745,HOU,1628391,Wilson,D. Wilson,0,0,0,,0,27,28,55,h,Wilson Free Throw 2 of 2 (4 PTS),Free Throw,Free Throw 2 of 2,1,0,114
0022000657,157,PT00M05.40S,1,1610612761,TOR,203382,Baynes,A. Baynes,0,11,1,Missed,1,,,0,v,MISS Baynes 1' Dunk,Missed Shot,Dunk Shot,1,2,115
0022000657,158,PT00M03.00S,1,1610612745,HOU,1630231,Martin,K. Martin,0,0,0,,0,,,0,h,Martin Jr. REBOUND (Off:0 Def:3),Rebound,Unknown,1,0,116
0022000657,159,PT00M00.00S,1,1610612745,HOU,1630231,Martin,K. Martin,-82,131,15,Missed,1,,,0,h,MISS Martin Jr. 15' Driving Floating Jump Shot,Missed Shot,Driving Floating Jump Shot,1,2,117
0022000657,160,PT00M00.00S,1,0,,1610612745,,,0,0,0,,0,,,0,h,ROCKETS Rebound,Rebound,Unknown,0,0,118
0022000657,161,PT00M00.00S,1,0,,0,,,0,0,0,,0,27,28,55,,End of 1st Period (9:38 PM EST),period,end,1,0,119
0022000657,164,PT12M00.00S,2,0,,0,,,0,0,0,,0,27,28,55,,Start of 2nd Period (9:41 PM EST),period,start,0,0,120
0022000657,165,PT11M46.00S,2,1610612745,HOU,201571,Augustin,D. Augustin,0,0,0,,0,,,0,h,Augustin Out of Bounds - Bad Pass Turnover Turnover (P1.T4),Turnover,Out of Bounds - Bad Pass Turnover,1,0,121
0022000657,166,PT11M36.00S,2,1610612761,TOR,203382,Baynes,A. Baynes,0,0,0,,0,,,0,v,Baynes Out of Bounds - Bad Pass Turnover Turnover (P1.T4),Turnover,Out of Bounds - Bad Pass Turnover,1,0,122
0022000657,167,PT11M28.00S,2,1610612745,HOU,203463,McLemore,B. McLemore,-24,194,20,Made,1,29,28,57,h,McLemore 20' Pullup Jump Shot (2 PTS) (Augustin 1 AST),Made Shot,Pullup Jump shot,1,2,123
0022000657,169,PT11M10.00S,2,1610612761,TOR,200768,Lowry,K. Lowry,213,203,29,Missed,1,,,0,v,MISS Lowry 29' 3PT Pullup Jump Shot,Missed Shot,Pullup Jump shot,1,3,124
0022000657,170,PT11M09.00S,2,0,,1610612761,,,0,0,0,,0,,,0,v,Raptors Rebound,Rebound,Unknown,0,0,125
0022000657,171,PT11M09.00S,2,1610612745,HOU,203463,McLemore,B. McLemore,0,0,0,,0,,,0,h,McLemore L.B.FOUL (P1.T1) (J.Williams),Foul,Loose Ball,1,0,126
0022000657,173,PT11M09.00S,2,1610612761,TOR,1630201,Flynn,M. Flynn,0,0,0,,0,,,0,v,SUB: Powell FOR Flynn,Substitution,,0,0,127
0022000657,175,PT11M02.00S,2,1610612761,TOR,1626181,Powell,N. Powell,170,30,17,Missed,1,,,0,v,MISS Powell 17' Pullup Jump Shot,Missed Shot,Pullup Jump shot,1,2,128
0022000657,176,PT11M00.00S,2,1610612761,TOR,1628449,Boucher,C. Boucher,0,0,0,,0,,,0,v,Boucher REBOUND (Off:1 Def:2),Rebound,Unknown,1,0,129
0022000657,177,PT10M59.00S,2,1610612761,TOR,1628449,Boucher,C. Boucher,0,0,0,,0,,,0,v,Boucher Lost Ball Turnover (P1.T5),Turnover,Lost Ball,1,0,130
0022000657,177,PT10M59.00S,2,1610612745,HOU,1630256,Tate,J. Tate,0,0,0,,0,,,0,h,Tate STEAL (1 STL),,,1,0,131
0022000657,179,PT10M49.00S,2,1610612745,HOU,1630231,Martin,K. Martin,-16,17,2,Missed,1,,,0,h,MISS Martin Jr. 2' Driving Dunk,Missed Shot,Driving Dunk Shot,1,2,132
0022000657,179,PT10M49.00S,2,1610612761,TOR,1628449,Boucher,C. Boucher,0,0,0,,0,,,0,v,Boucher BLOCK (1 BLK),,,1,2,133
0022000657,181,PT10M48.00S,2,1610612761,TOR,203382,Baynes,A. Baynes,0,0,0,,0,,,0,v,Baynes REBOUND (Off:1 Def:1),Rebound,Unknown,1,0,134
0022000657,182,PT10M42.00S,2,1610612761,TOR,200768,Lowry,K. Lowry,5,5,1,Missed,1,,,0,v,MISS Lowry 1' Running Layup,Missed Shot,Running Layup Shot,1,2,135
0022000657,183,PT10M41.00S,2,1610612745,HOU,1630256,Tate,J. Tate,0,0,0,,0,,,0,h,Tate REBOUND (Off:0 Def:2),Rebound,Unknown,1,0,136
0022000657,184,PT10M33.00S,2,1610612745,HOU,203463,McLemore,B. McLemore,234,16,0,Made,1,32,28,60,h,McLemore 3PT Jump Shot (5 PTS) (Tate 2 AST),Made Shot,Jump Shot,1,3,137
0022000657,187,PT10M18.00S,2,1610612745,HOU,1628391,Wilson,D. Wilson,0,0,0,,0,,,0,h,Wilson S.FOUL (P1.T2) (S.Jelks),Foul,Shooting,1,0,138
0022000657,189,PT10M18.00S,2,1610612761,TOR,1628449,Boucher,C. Boucher,0,0,0,,0,,,0,v,MISS Boucher Free Throw 1 of 2,Free Throw,Free Throw 1 of 2,1,0,139
0022000657,190,PT10M18.00S,2,0,,1610612761,,,0,0,0,,0,,,0,v,Raptors Rebound,Rebound,Normal Rebound,0,0,140
0022000657,191,PT10M18.00S,2,1610612761,TOR,1628449,Boucher,C. Boucher,0,0,0,,0,32,29,61,v,Boucher Free Throw 2 of 2 (1 PTS),Free Throw,Free Throw 2 of 2,1,0,141
0022000657,192,PT10M02.00S,2,1610612745,HOU,203463,McLemore,B. McLemore,127,230,26,Missed,1,,,0,h,MISS McLemore 26' 3PT Jump Shot,Missed Shot,Jump Shot,1,3,142
0022000657,193,PT10M01.00S,2,1610612761,TOR,1628449,Boucher,C. Boucher,0,0,0,,0,,,0,v,Boucher REBOUND (Off:1 Def:3),Rebound,Unknown,1,0,143
0022000657,194,PT09M44.00S,2,1610612761,TOR,203382,Baynes,A. Baynes,11,6,1,Made,1,32,31,63,v,Baynes 1' Cutting Dunk Shot (2 PTS) (Lowry 3 AST),Made Shot,Cutting Dunk Shot,1,2,144
0022000657,197,PT09M28.00S,2,1610612745,HOU,1630256,Tate,J. Tate,139,218,26,Missed,1,,,0,h,MISS Tate 26' 3PT Jump Shot,Missed Shot,Jump Shot,1,3,145
0022000657,198,PT09M28.00S,2,0,,1610612745,,,0,0,0,,0,,,0,h,ROCKETS Rebound,Rebound,Unknown,0,0,146
0022000657,199,PT09M28.00S,2,1610612761,TOR,1628778,Watson,P. Watson,0,0,0,,0,,,0,v,Watson L.B.FOUL (P1.T1) (S.Jelks),Foul,Loose Ball,1,0,147
0022000657,201,PT09M28.00S,2,1610612745,HOU,1628391,Wilson,D. Wilson,0,0,0,,0,,,0,h,SUB: Brown FOR Wilson,Substitution,,0,0,148
0022000657,202,PT09M28.00S,2,1610612745,HOU,1630231,Martin,K. Martin,0,0,0,,0,,,0,h,SUB: Wood FOR Martin Jr.,Substitution,,0,0,149
0022000657,205,PT09M22.00S,2,1610612745,HOU,1628425,Brown,S. Brown,-230,32,0,Missed,1,,,0,h,MISS Brown 3PT Jump Shot,Missed Shot,Jump Shot,1,3,150
0022000657,206,PT09M21.00S,2,1610612761,TOR,1626181,Powell,N. Powell,0,0,0,,0,,,0,v,Powell REBOUND (Off:0 Def:2),Rebound,Unknown,1,0,151
0022000657,207,PT09M11.00S,2,1610612761,TOR,1626181,Powell,N. Powell,-18,20,3,Made,1,32,33,65,v,Powell 3' Driving Layup (6 PTS),Made Shot,Driving Layup Shot,1,2,152
0022000657,208,PT09M11.00S,2,1610612745,HOU,1626174,Wood,C. Wood,0,0,0,,0,,,0,h,Wood S.FOUL (P3.T3) (S.Jelks),Foul,Shooting,1,0,153
0022000657,210,PT09M11.00S,2,1610612745,HOU,1626174,Wood,C. Wood,0,0,0,,0,,,0,h,SUB: Wilson FOR Wood,Substitution,,0,0,154
0022000657,212,PT09M11.00S,2,1610612761,TOR,1626181,Powell,N. Powell,0,0,0,,0,,,0,v,MISS Powell Free Throw 1 of 1,Free Throw,Free Throw 1 of 1,1,0,155
0022000657,213,PT09M11.00S,2,1610612745,HOU,1630256,Tate,J. Tate,0,0,0,,0,,,0,h,Tate REBOUND (Off:0 Def:3),Rebound,Unknown,1,0,156
0022000657,214,PT09M01.00S,2,1610612761,TOR,1628778,Watson,P. Watson,0,0,0,,0,,,0,v,Watson S.FOUL (P2.T2) (J.Williams),Foul,Shooting,1,0,157
0022000657,216,PT09M01.00S,2,1610612745,HOU,203463,McLemore,B. McLemore,0,0,0,,0,33,33,66,h,McLemore Free Throw 1 of 3 (6 PTS),Free Throw,Free Throw 1 of 3,1,0,158
0022000657,217,PT09M01.00S,2,1610612745,HOU,203463,McLemore,B. McLemore,0,0,0,,0,,,0,h,MISS McLemore Free Throw 2 of 3,Free Throw,Free Throw 2 of 3,1,0,159
0022000657,218,PT09M01.00S,2,0,,1610612745,,,0,0,0,,0,,,0,h,ROCKETS Rebound,Rebound,Normal Rebound,0,0,160
0022000657,219,PT09M01.00S,2,1610612745,HOU,203463,McLemore,B. McLemore,0,0,0,,0,34,33,67,h,McLemore Free Throw 3 of 3 (7 PTS),Free Throw,Free Throw 3 of 3,1,0,161
0022000657,220,PT08M50.00S,2,1610612761,TOR,1628449,Boucher,C. Boucher,119,229,26,Missed,1,,,0,v,MISS Boucher 26' 3PT Jump Shot,Missed Shot,Jump Shot,1,3,162
0022000657,221,PT08M47.00S,2,1610612745,HOU,1628425,Brown,S. Brown,0,0,0,,0,,,0,h,Brown REBOUND (Off:1 Def:3),Rebound,Unknown,1,0,163
0022000657,222,PT08M41.00S,2,1610612745,HOU,1630256,Tate,J. Tate,-229,20,0,Made,1,37,33,70,h,Tate 3PT Jump Shot (5 PTS) (Brown 1 AST),Made Shot,Jump Shot,1,3,164
0022000657,224,PT08M31.00S,2,1610612761,TOR,1626181,Powell,N. Powell,0,0,0,,0,,,0,v,Powell Offensive Charge Foul (P2.T3) (J.Williams),Foul,Offensive Charge,1,0,165
0022000657,226,PT08M31.00S,2,1610612761,TOR,1626181,Powell,N. Powell,0,0,0,,0,,,0,v,Powell Offensive Foul Turnover (P1.T6),Turnover,Offensive Foul Turnover,1,0,166
0022000657,227,PT08M31.00S,2,1610612761,TOR,1628778,Watson,P. Watson,0,0,0,,0,,,0,v,SUB: VanVleet FOR Watson,Substitution,,0,0,167
0022000657,228,PT08M31.00S,2,1610612761,TOR,203382,Baynes,A. Baynes,0,0,0,,0,,,0,v,SUB: Siakam FOR Baynes,Substitution,,0,0,168
0022000657,231,PT08M22.00S,2,1610612745,HOU,201571,Augustin,D. Augustin,71,253,26,Missed,1,,,0,h,MISS Augustin 26' 3PT Pullup Jump Shot,Missed Shot,Pullup Jump shot,1,3,169
0022000657,232,PT08M21.00S,2,1610612745,HOU,1630256,Tate,J. Tate,0,0,0,,0,,,0,h,Tate REBOUND (Off:1 Def:3),Rebound,Unknown,1,0,170
0022000657,233,PT08M19.00S,2,1610612745,HOU,1630256,Tate,J. Tate,-3,31,3,Made,1,39,33,72,h,Tate 3' Putback Layup (7 PTS),Made Shot,Putback Layup Shot,1,2,171
0022000657,234,PT07M55.00S,2,1610612761,TOR,1627832,VanVleet,F. VanVleet,-145,219,26,Made,1,39,36,75,v,VanVleet 26' 3PT Pullup Jump Shot (8 PTS) (Lowry 4 AST),Made Shot,Pullup Jump shot,1,3,172
0022000657,236,PT07M37.00S,2,1610612745,HOU,203463,McLemore,B. McLemore,-223,149,27,Missed,1,,,0,h,MISS McLemore 27' 3PT Jump Shot,Missed Shot,Jump Shot,1,3,173
0022000657,237,PT07M36.00S,2,1610612761,TOR,1628449,Boucher,C. Boucher,0,0,0,,0,,,0,v,Boucher REBOUND (Off:1 Def:4),Rebound,Unknown,1,0,174
0022000657,238,PT07M21.00S,2,1610612745,HOU,1630256,Tate,J. Tate,0,0,0,,0,,,0,h,Tate P.FOUL (P1.T4) (J.Williams),Foul,Personal,1,0,175
0022000657,240,PT07M21.00S,2,1610612745,HOU,203463,McLemore,B. McLemore,0,0,0,,0,,,0,h,SUB: Wall FOR McLemore,Substitution,,0,0,176
0022000657,242,PT07M21.00S,2,1610612761,TOR,1628449,Boucher,C. Boucher,0,0,0,,0,,,0,v,SUB: Johnson FOR Boucher,Substitution,,0,0,177
0022000657,244,PT07M07.00S,2,0,,1610612761,,,0,0,0,,0,,,0,v,Raptors Turnover: Shot Clock (T#7),Turnover,Shot Clock Turnover,0,0,178
0022000657,245,PT06M55.00S,2,1610612745,HOU,202322,Wall,J. Wall,87,20,9,Made,1,41,36,77,h,Wall 9' Turnaround Fadeaway (6 PTS),Made Shot,Turnaround Fadeaway shot,1,2,179
0022000657,246,PT06M32.00S,2,1610612761,TOR,1626181,Powell,N. Powell,-21,262,26,Made,1,41,39,80,v,Powell 26' 3PT Jump Shot (9 PTS) (Lowry 5 AST),Made Shot,Jump Shot,1,3,180
0022000657,249,PT06M16.00S,2,1610612745,HOU,201571,Augustin,D. Augustin,37,5,4,Made,1,43,39,82,h,Augustin 4' Driving Layup (2 PTS),Made Shot,Driving Layup Shot,1,2,181
0022000657,250,PT06M16.00S,2,1610612761,TOR,1627783,Siakam,P. Siakam,0,0,0,,0,,,0,v,Siakam Violation:Defensive Goaltending (J.Williams),Violation,Defensive Goaltending,1,0,182
0022000657,251,PT06M01.00S,2,1610612761,TOR,1626181,Powell,N. Powell,229,11,0,Missed,1,,,0,v,MISS Powell 3PT Jump Shot,Missed Shot,Jump Shot,1,3,183
0022000657,252,PT06M00.00S,2,1610612745,HOU,1628391,Wilson,D. Wilson,0,0,0,,0,,,0,h,Wilson REBOUND (Off:0 Def:1),Rebound,Unknown,1,0,184
0022000657,253,PT05M50.00S,2,1610612745,HOU,1628391,Wilson,D. Wilson,20,10,2,Missed,1,,,0,h,MISS Wilson 2' Layup,Missed Shot,Layup Shot,1,2,185
0022000657,254,PT05M49.00S,2,1610612761,TOR,1627832,VanVleet,F. VanVleet,0,0,0,,0,,,0,v,VanVleet REBOUND (Off:0 Def:2),Rebound,Unknown,1,0,186
0022000657,255,PT05M48.00S,2,1610612745,HOU,1628391,Wilson,D. Wilson,0,0,0,,0,,,0,h,Wilson Personal Take Foul (P2.PN) (M.Ervin),Foul,Personal Take,1,0,187
0022000657,257,PT05M48.00S,2,0,,1610612745,,,0,0,0,,0,,,0,h,ROCKETS Timeout: Regular (Full 2 Short 0),Timeout,Regular,0,0,188
0022000657,258,PT05M48.00S,2,1610612745,HOU,201571,Augustin,D. Augustin,0,0,0,,0,,,0,h,SUB: House Jr. FOR Augustin,Substitution,,0,0,189
0022000657,260,PT05M48.00S,2,1610612761,TOR,1627832,VanVleet,F. VanVleet,0,0,0,,0,43,40,83,v,VanVleet Free Throw 1 of 2 (9 PTS),Free Throw,Free Throw 1 of 2,1,0,190
0022000657,261,PT05M48.00S,2,1610612761,TOR,1627832,VanVleet,F. VanVleet,0,0,0,,0,43,41,84,v,VanVleet Free Throw 2 of 2 (10 PTS),Free Throw,Free Throw 2 of 2,1,0,191
0022000657,262,PT05M28.00S,2,1610612745,HOU,1628425,Brown,S. Brown,-228,0,0,Made,1,46,41,87,h,Brown 3PT Jump Shot (16 PTS) (Wall 3 AST),Made Shot,Jump Shot,1,3,192
0022000657,264,PT05M11.00S,2,1610612761,TOR,1626169,Johnson,S. Johnson,-237,-1,24,Missed,1,,,0,v,MISS Johnson 24' 3PT Jump Shot,Missed Shot,Jump Shot,1,3,193
0022000657,265,PT05M10.00S,2,1610612745,HOU,202322,Wall,J. Wall,0,0,0,,0,,,0,h,Wall REBOUND (Off:0 Def:2),Rebound,Unknown,1,0,194
0022000657,266,PT04M54.00S,2,1610612745,HOU,202322,Wall,J. Wall,27,121,12,Missed,1,,,0,h,MISS Wall 12' Floating Jump Shot,Missed Shot,Floating Jump shot,1,2,195
0022000657,267,PT04M53.00S,2,1610612761,TOR,1627832,VanVleet,F. VanVleet,0,0,0,,0,,,0,v,VanVleet REBOUND (Off:0 Def:3),Rebound,Unknown,1,0,196
0022000657,268,PT04M46.00S,2,1610612761,TOR,200768,Lowry,K. Lowry,-134,234,27,Made,1,46,44,90,v,Lowry 27' 3PT Jump Shot (7 PTS) (VanVleet 1 AST),Made Shot,Jump Shot,1,3,197
0022000657,270,PT04M31.00S,2,1610612745,HOU,202322,Wall,J. Wall,68,102,12,Missed,1,,,0,h,MISS Wall 12' Driving Floating Jump Shot,Missed Shot,Driving Floating Jump Shot,1,2,198
0022000657,271,PT04M30.00S,2,1610612761,TOR,1627832,VanVleet,F. VanVleet,0,0,0,,0,,,0,v,VanVleet REBOUND (Off:0 Def:4),Rebound,Unknown,1,0,199
0022000657,272,PT04M24.00S,2,1610612761,TOR,1626181,Powell,N. Powell,11,-1,1,Made,1,46,46,92,v,Powell 1' Reverse Layup (11 PTS) (VanVleet 2 AST),Made Shot,Reverse Layup Shot,1,2,200
0022000657,274,PT04M08.00S,2,1610612745,HOU,1627863,House Jr.,D. House Jr.,0,0,0,,0,,,0,h,House Jr. Offensive Charge Foul (P1.PN) (M.Ervin),Foul,Offensive Charge,1,0,201
0022000657,276,PT04M08.00S,2,1610612745,HOU,1627863,House Jr.,D. House Jr.,0,0,0,,0,,,0,h,House Jr. Offensive Foul Turnover (P1.T5),Turnover,Offensive Foul Turnover,1,0,202
0022000657,277,PT04M08.00S,2,1610612745,HOU,1628391,Wilson,D. Wilson,0,0,0,,0,,,0,h,SUB: Martin Jr. FOR Wilson,Substitution,,0,0,203
0022000657,278,PT04M08.00S,2,1610612761,TOR,200768,Lowry,K. Lowry,0,0,0,,0,,,0,v,SUB: McCaw FOR Lowry,Substitution,,0,0,204
0022000657,281,PT03M58.00S,2,1610612761,TOR,1627783,Siakam,P. Siakam,-146,221,26,Made,1,46,49,95,v,Siakam 26' 3PT Jump Shot (12 PTS) (Powell 2 AST),Made Shot,Jump Shot,1,3,205
0022000657,283,PT03M36.00S,2,1610612745,HOU,1630231,Martin,K. Martin,-88,239,25,Made,1,49,49,98,h,Martin Jr. 25' 3PT Jump Shot (3 PTS) (House Jr. 4 AST),Made Shot,Jump Shot,1,3,206
0022000657,286,PT03M25.00S,2,1610612761,TOR,1627832,VanVleet,F. VanVleet,0,0,0,,0,,,0,v,VanVleet OFF.Foul (P2) (M.Ervin),Foul,Offensive,1,0,207
0022000657,288,PT03M25.00S,2,1610612761,TOR,1627832,VanVleet,F. VanVleet,0,0,0,,0,,,0,v,VanVleet Offensive Foul Turnover (P2.T8),Turnover,Offensive Foul Turnover,1,0,208
0022000657,289,PT03M12.00S,2,1610612745,HOU,202322,Wall,J. Wall,18,7,2,Made,1,51,49,100,h,Wall 2' Driving Floating Bank Jump Shot (8 PTS),Made Shot,Driving Floating Bank Jump Shot,1,2,209
0022000657,290,PT03M05.00S,2,1610612761,TOR,1627783,Siakam,P. Siakam,0,0,0,,0,,,0,v,Siakam Out of Bounds Lost Ball Turnover (P1.T9),Turnover,Out of Bounds Lost Ball Turnover,1,0,210
0022000657,291,PT02M47.00S,2,1610612745,HOU,1627863,House Jr.,D. House Jr.,233,84,25,Made,1,54,49,103,h,House Jr. 25' 3PT Step Back Jump Shot (7 PTS) (Wall 4 AST),Made Shot,Step Back Jump shot,1,3,211
0022000657,293,PT02M38.00S,2,0,,1610612761,,,0,0,0,,0,,,0,v,Raptors Timeout: Regular (Reg.2 Short 0),Timeout,Regular,0,0,212
0022000657,295,PT02M38.00S,2,1610612761,TOR,1626169,Johnson,S. Johnson,0,0,0,,0,,,0,v,SUB: Lowry FOR Johnson,Substitution,,0,0,213
0022000657,299,PT02M30.00S,2,1610612761,TOR,1626181,Powell,N. Powell,-6,17,2,Made,1,54,51,105,v,Powell 2' Driving Layup (13 PTS),Made Shot,Driving Layup Shot,1,2,214
0022000657,300,PT02M17.00S,2,1610612745,HOU,202322,Wall,J. Wall,-12,21,2,Missed,1,,,0,h,MISS Wall 2' Driving Layup,Missed Shot,Driving Layup Shot,1,2,215
0022000657,301,PT02M16.00S,2,1610612761,TOR,1627783,Siakam,P. Siakam,0,0,0,,0,,,0,v,Siakam REBOUND (Off:0 Def:3),Rebound,Unknown,1,0,216
0022000657,302,PT02M11.00S,2,1610612761,TOR,1626181,Powell,N. Powell,-242,-2,24,Missed,1,,,0,v,MISS Powell 24' 3PT Running Jump Shot,Missed Shot,Running Jump Shot,1,3,217
0022000657,303,PT02M10.00S,2,1610612761,TOR,1627832,VanVleet,F. VanVleet,0,0,0,,0,,,0,v,VanVleet REBOUND (Off:1 Def:4),Rebound,Unknown,1,0,218
0022000657,304,PT02M03.00S,2,1610612761,TOR,1627783,Siakam,P. Siakam,-13,17,2,Made,1,54,53,107,v,Siakam 2' Alley Oop Dunk (14 PTS) (Lowry 6 AST),Made Shot,Alley Oop Dunk Shot,1,2,219
0022000657,306,PT01M48.00S,2,1610612745,HOU,1630256,Tate,J. Tate,-3,26,3,Made,1,56,53,109,h,Tate 3' Hook Bank Shot (9 PTS) (Brown 2 AST),Made Shot,Hook Bank Shot,1,2,220
0022000657,308,PT01M48.00S,2,1610612761,TOR,1627783,Siakam,P. Siakam,0,0,0,,0,,,0,v,Siakam S.FOUL (P2.T4) (M.Ervin),Foul,Shooting,1,0,221
0022000657,310,PT01M48.00S,2,1610612745,HOU,1630256,Tate,J. Tate,0,0,0,,0,,,0,h,MISS Tate Free Throw 1 of 1,Free Throw,Free Throw 1 of 1,1,0,222
0022000657,311,PT01M48.00S,2,1610612761,TOR,1627783,Siakam,P. Siakam,0,0,0,,0,,,0,v,Siakam REBOUND (Off:0 Def:4),Rebound,Unknown,1,0,223
0022000657,312,PT01M41.00S,2,1610612745,HOU,1630231,Martin,K. Martin,0,0,0,,0,,,0,h,Martin Jr. S.FOUL (P2.PN) (S.Jelks),Foul,Shooting,1,0,224
0022000657,314,PT01M41.00S,2,1610612761,TOR,200768,Lowry,K. Lowry,0,0,0,,0,56,54,110,v,Lowry Free Throw 1 of 2 (8 PTS),Free Throw,Free Throw 1 of 2,1,0,225
0022000657,315,PT01M41.00S,2,1610612761,TOR,200768,Lowry,K. Lowry,0,0,0,,0,56,55,111,v,Lowry Free Throw 2 of 2 (9 PTS),Free Throw,Free Throw 2 of 2,1,0,226
0022000657,317,PT01M31.00S,2,1610612761,TOR,1627775,McCaw,P. McCaw,0,0,0,,0,,,0,v,McCaw P.FOUL (P1.PN) (S.Jelks),Foul,Personal,1,0,227
0022000657,319,PT01M31.00S,2,1610612745,HOU,202322,Wall,J. Wall,0,0,0,,0,57,55,112,h,Wall Free Throw 1 of 2 (9 PTS),Free Throw,Free Throw 1 of 2,1,0,228
0022000657,320,PT01M31.00S,2,1610612745,HOU,202322,Wall,J. Wall,0,0,0,,0,58,55,113,h,Wall Free Throw 2 of 2 (10 PTS),Free Throw,Free Throw 2 of 2,1,0,229
0022000657,321,PT01M19.00S,2,1610612745,HOU,1628425,Brown,S. Brown,0,0,0,,0,,,0,h,Brown P.FOUL (P1.PN) (J.Williams),Foul,Personal,1,0,230
0022000657,323,PT01M19.00S,2,1610612761,TOR,1626181,Powell,N. Powell,0,0,0,,0,58,56,114,v,Powell Free Throw 1 of 2 (14 PTS),Free Throw,Free Throw 1 of 2,1,0,231
0022000657,324,PT01M19.00S,2,1610612761,TOR,1626181,Powell,N. Powell,0,0,0,,0,58,57,115,v,Powell Free Throw 2 of 2 (15 PTS),Free Throw,Free Throw 2 of 2,1,0,232
0022000657,325,PT00M58.10S,2,1610612745,HOU,202322,Wall,J. Wall,58,117,13,Made,1,60,57,117,h,Wall 13' Pullup Jump Shot (12 PTS),Made Shot,Pullup Jump shot,1,2,233
0022000657,326,PT00M34.50S,2,1610612761,TOR,1627783,Siakam,P. Siakam,-150,214,26,Missed,1,,,0,v,MISS Siakam 26' 3PT Jump Shot,Missed Shot,Jump Shot,1,3,234
0022000657,327,PT00M33.80S,2,0,,1610612761,,,0,0,0,,0,,,0,v,Raptors Rebound,Rebound,Unknown,1,0,235
0022000657,328,PT00M33.80S,2,0,,1610612761,,,0,0,0,,0,,,0,v,Raptors Turnover: Shot Clock (T#10),Turnover,Shot Clock Turnover,0,0,236
0022000657,329,PT00M13.20S,2,1610612745,HOU,202322,Wall,J. Wall,24,16,3,Made,1,62,57,119,h,Wall 3' Driving Layup (14 PTS),Made Shot,Driving Layup Shot,1,2,237
0022000657,330,PT00M02.40S,2,1610612761,TOR,1627783,Siakam,P. Siakam,-63,84,11,Made,1,62,59,121,v,Siakam 11' Turnaround Fadeaway Bank Jump Shot (16 PTS),Made Shot,Turnaround Fadeaway Bank Jump Shot,1,2,238
0022000657,331,PT00M02.40S,2,1610612745,HOU,1628425,Brown,S. Brown,0,0,0,,0,,,0,h,Brown S.FOUL (P2.PN) (M.Ervin),Foul,Shooting,1,0,239
0022000657,333,PT00M02.40S,2,1610612761,TOR,1627783,Siakam,P. Siakam,0,0,0,,0,62,60,122,v,Siakam Free Throw 1 of 1 (17 PTS),Free Throw,Free Throw 1 of 1,1,0,240
0022000657,334,PT00M00.00S,2,1610612745,HOU,1627863,House Jr.,D. House Jr.,193,468,51,Made,1,65,60,125,h,House Jr. 51' 3PT Jump Shot (10 PTS) (Martin Jr. 1 AST),Made Shot,Jump Shot,1,3,241
0022000657,336,PT00M00.00S,2,0,,334,,,0,0,0,,0,65,60,125,,Instant Replay2nd Period (10:10 PM EST),Instant Replay,Support Ruling,0,0,242
0022000657,337,PT00M00.00S,2,0,,0,,,0,0,0,,0,65,60,125,,End of 2nd Period (10:10 PM EST),period,end,1,0,243
0022000657,342,PT12M00.00S,3,0,,0,,,0,0,0,,0,65,60,125,,Start of 3rd Period (10:25 PM EST),period,start,0,0,244
0022000657,343,PT11M51.00S,3,1610612761,TOR,1626169,Johnson,S. Johnson,0,0,0,,0,,,0,v,Johnson P.FOUL (P3.T1) (S.Jelks),Foul,Personal,1,0,245
0022000657,345,PT11M39.00S,3,1610612745,HOU,1630256,Tate,J. Tate,-230,15,0,Made,1,68,60,128,h,Tate 3PT Jump Shot (12 PTS) (Wall 5 AST),Made Shot,Jump Shot,1,3,246
0022000657,347,PT11M22.00S,3,1610612745,HOU,1630256,Tate,J. Tate,0,0,0,,0,,,0,h,Tate P.FOUL (P2.T1) (J.Williams),Foul,Personal,1,0,247
0022000657,349,PT11M13.00S,3,1610612761,TOR,1627783,Siakam,P. Siakam,20,63,7,Missed,1,,,0,v,MISS Siakam 7' Driving Hook Shot,Missed Shot,Driving Hook Shot,1,2,248
0022000657,350,PT11M11.00S,3,1610612745,HOU,1628425,Brown,S. Brown,0,0,0,,0,,,0,h,Brown REBOUND (Off:1 Def:4),Rebound,Unknown,1,0,249
0022000657,351,PT11M00.00S,3,1610612745,HOU,1626174,Wood,C. Wood,35,50,6,Made,1,70,60,130,h,Wood 6' Driving Floating Jump Shot (2 PTS) (Wall 6 AST),Made Shot,Driving Floating Jump Shot,1,2,250
0022000657,353,PT10M46.00S,3,1610612761,TOR,200768,Lowry,K. Lowry,-16,13,2,Made,1,70,62,132,v,Lowry 2' Driving Finger Roll Layup (11 PTS),Made Shot,Driving Finger Roll Layup Shot,1,2,251
0022000657,354,PT10M29.00S,3,1610612745,HOU,1626174,Wood,C. Wood,0,0,0,,0,,,0,h,Wood Lost Ball Turnover (P2.T6),Turnover,Lost Ball,1,0,252
0022000657,354,PT10M29.00S,3,1610612761,TOR,1627832,VanVleet,F. VanVleet,0,0,0,,0,,,0,v,VanVleet STEAL (2 STL),,,1,0,253
0022000657,356,PT10M25.00S,3,1610612761,TOR,1627832,VanVleet,F. VanVleet,-14,22,3,Made,1,70,64,134,v,VanVleet 3' Running Layup (12 PTS),Made Shot,Running Layup Shot,1,2,254
0022000657,357,PT10M14.00S,3,1610612745,HOU,202322,Wall,J. Wall,-38,256,26,Missed,1,,,0,h,MISS Wall 26' 3PT Pullup Jump Shot,Missed Shot,Pullup Jump shot,1,3,255
0022000657,358,PT10M13.00S,3,1610612761,TOR,1626169,Johnson,S. Johnson,0,0,0,,0,,,0,v,Johnson REBOUND (Off:0 Def:3),Rebound,Unknown,1,0,256
0022000657,359,PT10M07.00S,3,1610612761,TOR,200768,Lowry,K. Lowry,-20,269,27,Missed,1,,,0,v,MISS Lowry 27' 3PT Running Jump Shot,Missed Shot,Running Jump Shot,1,3,257
0022000657,360,PT10M06.00S,3,1610612745,HOU,1628425,Brown,S. Brown,0,0,0,,0,,,0,h,Brown REBOUND (Off:1 Def:5),Rebound,Unknown,1,0,258
0022000657,361,PT09M49.00S,3,1610612745,HOU,1630256,Tate,J. Tate,-234,14,0,Made,1,73,64,137,h,Tate 3PT Jump Shot (15 PTS) (House Jr. 5 AST),Made Shot,Jump Shot,1,3,259
0022000657,363,PT09M38.00S,3,1610612761,TOR,1627783,Siakam,P. Siakam,27,41,5,Missed,1,,,0,v,MISS Siakam 5' Driving Hook Shot,Missed Shot,Driving Hook Shot,1,2,260
0022000657,364,PT09M37.00S,3,1610612745,HOU,202322,Wall,J. Wall,0,0,0,,0,,,0,h,Wall REBOUND (Off:0 Def:3),Rebound,Unknown,1,0,261
0022000657,365,PT09M25.00S,3,1610612745,HOU,1628425,Brown,S. Brown,-232,6,0,Missed,1,,,0,h,MISS Brown 3PT Jump Shot,Missed Shot,Jump Shot,1,3,262
0022000657,366,PT09M23.00S,3,1610612761,TOR,1627832,VanVleet,F. VanVleet,0,0,0,,0,,,0,v,VanVleet REBOUND (Off:1 Def:5),Rebound,Unknown,1,0,263
0022000657,367,PT09M06.00S,3,1610612761,TOR,1627832,VanVleet,F. VanVleet,150,230,27,Missed,1,,,0,v,MISS VanVleet 27' 3PT Pullup Jump Shot,Missed Shot,Pullup Jump shot,1,3,264
0022000657,368,PT09M04.00S,3,1610612745,HOU,1627863,House Jr.,D. House Jr.,0,0,0,,0,,,0,h,House Jr. REBOUND (Off:0 Def:2),Rebound,Unknown,1,0,265
0022000657,369,PT09M00.00S,3,1610612745,HOU,1627863,House Jr.,D. House Jr.,0,0,0,,0,,,0,h,House Jr. OFF.Foul (P2) (M.Ervin),Foul,Offensive,1,0,266
0022000657,371,PT09M00.00S,3,1610612745,HOU,1627863,House Jr.,D. House Jr.,0,0,0,,0,,,0,h,House Jr. Offensive Foul Turnover (P2.T7),Turnover,Offensive Foul Turnover,1,0,267
0022000657,372,PT08M50.00S,3,1610612761,TOR,1626181,Powell,N. Powell,135,242,28,Missed,1,,,0,v,MISS Powell 28' 3PT Jump Shot,Missed Shot,Jump Shot,1,3,268
0022000657,373,PT08M49.00S,3,1610612745,HOU,202322,Wall,J. Wall,0,0,0,,0,,,0,h,Wall REBOUND (Off:0 Def:4),Rebound,Unknown,1,0,269
0022000657,374,PT08M39.00S,3,1610612745,HOU,202322,Wall,J. Wall,60,40,7,Missed,1,,,0,h,MISS Wall 7' Turnaround Jump Shot,Missed Shot,Turnaround Jump Shot,1,2,270
0022000657,374,PT08M39.00S,3,1610612761,TOR,1627783,Siakam,P. Siakam,0,0,0,,0,,,0,v,Siakam BLOCK (1 BLK),,,1,2,271
0022000657,376,PT08M38.00S,3,1610612745,HOU,202322,Wall,J. Wall,0,0,0,,0,,,0,h,Wall REBOUND (Off:1 Def:4),Rebound,Unknown,1,0,272
0022000657,377,PT08M36.00S,3,1610612745,HOU,202322,Wall,J. Wall,6,31,3,Missed,1,,,0,h,MISS Wall 3' Putback Layup,Missed Shot,Putback Layup Shot,1,2,273
0022000657,379,PT08M35.00S,3,1610612745,HOU,202322,Wall,J. Wall,0,0,0,,0,,,0,h,Wall REBOUND (Off:2 Def:4),Rebound,Unknown,1,0,274
0022000657,380,PT08M27.00S,3,1610612745,HOU,1626174,Wood,C. Wood,120,264,29,Made,1,76,64,140,h,Wood 29' 3PT Pullup Jump Shot (5 PTS),Made Shot,Pullup Jump shot,1,3,275
0022000657,381,PT08M22.00S,3,1610612761,TOR,1626181,Powell,N. Powell,-25,92,10,Missed,1,,,0,v,MISS Powell 10' Driving Layup,Missed Shot,Driving Layup Shot,1,2,276
0022000657,381,PT08M22.00S,3,1610612745,HOU,1627863,House Jr.,D. House Jr.,0,0,0,,0,,,0,h,House Jr. BLOCK (1 BLK),,,1,2,277
0022000657,383,PT08M19.00S,3,1610612761,TOR,1627783,Siakam,P. Siakam,0,0,0,,0,,,0,v,Siakam REBOUND (Off:1 Def:4),Rebound,Unknown,1,0,278
0022000657,384,PT08M04.00S,3,1610612761,TOR,1626181,Powell,N. Powell,81,258,27,Missed,1,,,0,v,MISS Powell 27' 3PT Pullup Jump Shot,Missed Shot,Pullup Jump shot,1,3,279
0022000657,385,PT08M02.00S,3,1610612745,HOU,1628425,Brown,S. Brown,0,0,0,,0,,,0,h,Brown REBOUND (Off:1 Def:6),Rebound,Unknown,1,0,280
0022000657,386,PT07M46.00S,3,1610612745,HOU,1626174,Wood,C. Wood,0,0,0,,0,,,0,h,Wood Lost Ball Turnover (P3.T8),Turnover,Lost Ball,1,0,281
0022000657,386,PT07M46.00S,3,1610612761,TOR,1627832,VanVleet,F. VanVleet,0,0,0,,0,,,0,v,VanVleet STEAL (3 STL),,,1,0,282
0022000657,388,PT07M46.00S,3,1610612745,HOU,1627863,House Jr.,D. House Jr.,0,0,0,,0,,,0,h,House Jr. Personal Take Foul (P3.T2) (S.Jelks),Foul,Personal Take,1,0,283
0022000657,390,PT07M29.00S,3,1610612761,TOR,1626169,Johnson,S. Johnson,232,26,0,Missed,1,,,0,v,MISS Johnson 3PT Jump Shot,Missed Shot,Jump Shot,1,3,284
0022000657,391,PT07M28.00S,3,1610612745,HOU,1626174,Wood,C. Wood,0,0,0,,0,,,0,h,Wood REBOUND (Off:0 Def:2),Rebound,Unknown,1,0,285
0022000657,392,PT07M13.00S,3,1610612745,HOU,202322,Wall,J. Wall,0,130,13,Missed,1,,,0,h,MISS Wall 13' Step Back Jump Shot,Missed Shot,Step Back Jump shot,1,2,286
0022000657,393,PT07M10.00S,3,1610612761,TOR,1627783,Siakam,P. Siakam,0,0,0,,0,,,0,v,Siakam REBOUND (Off:1 Def:5),Rebound,Unknown,1,0,287
0022000657,394,PT06M58.00S,3,1610612761,TOR,200768,Lowry,K. Lowry,-61,251,26,Made,1,76,67,143,v,Lowry 26' 3PT Jump Shot (14 PTS) (Siakam 2 AST),Made Shot,Jump Shot,1,3,288
0022000657,445,PT06M38.00S,3,1610612745,HOU,1627863,House Jr.,D. House Jr.,0,0,0,,0,,,0,h,House Jr. Lost Ball Turnover (P3.T9),Turnover,Lost Ball,0,0,289
0022000657,445,PT06M38.00S,3,1610612761,TOR,1627832,VanVleet,F. VanVleet,0,0,0,,0,,,0,v,VanVleet STEAL (4 STL),,,0,0,290
0022000657,398,PT06M33.00S,3,1610612761,TOR,1627832,VanVleet,F. VanVleet,21,16,3,Made,1,76,69,145,v,VanVleet 3' Running Layup (14 PTS),Made Shot,Running Layup Shot,1,2,291
0022000657,399,PT06M33.00S,3,0,,1610612745,,,0,0,0,,0,,,0,h,ROCKETS Timeout: Regular (Full 3 Short 0),Timeout,Regular,0,0,292
0022000657,400,PT06M33.00S,3,1610612761,TOR,1626169,Johnson,S. Johnson,0,0,0,,0,,,0,v,SUB: Boucher FOR Johnson,Substitution,,0,0,293
0022000657,402,PT06M17.00S,3,1610612745,HOU,1626174,Wood,C. Wood,208,146,25,Made,1,79,69,148,h,Wood 25' 3PT Step Back Jump Shot (8 PTS) (Wall 7 AST),Made Shot,Step Back Jump shot,1,3,294
0022000657,404,PT05M52.00S,3,1610612761,TOR,1627783,Siakam,P. Siakam,51,100,11,Made,1,79,71,150,v,Siakam 11' Turnaround Hook Shot (19 PTS),Made Shot,Turnaround Hook Shot,1,2,295
0022000657,405,PT05M33.00S,3,1610612745,HOU,202322,Wall,J. Wall,20,272,27,Made,1,82,71,153,h,Wall 27' 3PT Jump Shot (17 PTS) (Wood 1 AST),Made Shot,Jump Shot,1,3,296
0022000657,407,PT05M11.00S,3,1610612761,TOR,1628449,Boucher,C. Boucher,233,12,0,Missed,1,,,0,v,MISS Boucher 3PT Jump Shot,Missed Shot,Jump Shot,1,3,297
0022000657,408,PT05M10.00S,3,1610612745,HOU,1628425,Brown,S. Brown,0,0,0,,0,,,0,h,Brown REBOUND (Off:1 Def:7),Rebound,Unknown,1,0,298
0022000657,409,PT04M55.00S,3,1610612745,HOU,202322,Wall,J. Wall,-230,-18,0,Missed,1,,,0,h,MISS Wall 3PT Jump Shot,Missed Shot,Jump Shot,1,3,299
0022000657,410,PT04M53.00S,3,1610612761,TOR,200768,Lowry,K. Lowry,0,0,0,,0,,,0,v,Lowry REBOUND (Off:0 Def:2),Rebound,Unknown,1,0,300
0022000657,411,PT04M44.00S,3,1610612761,TOR,1628449,Boucher,C. Boucher,13,63,6,Missed,1,,,0,v,MISS Boucher 6' Running Layup,Missed Shot,Running Layup Shot,1,2,301
0022000657,411,PT04M44.00S,3,1610612745,HOU,1628425,Brown,S. Brown,0,0,0,,0,,,0,h,Brown BLOCK (1 BLK),,,1,2,302
0022000657,413,PT04M42.00S,3,1610612745,HOU,1627863,House Jr.,D. House Jr.,0,0,0,,0,,,0,h,House Jr. REBOUND (Off:0 Def:3),Rebound,Unknown,1,0,303
0022000657,414,PT04M40.00S,3,1610612745,HOU,1626174,Wood,C. Wood,19,50,5,Made,1,84,71,155,h,Wood 5' Driving Floating Jump Shot (10 PTS) (House Jr. 6 AST),Made Shot,Driving Floating Jump Shot,1,2,304
0022000657,416,PT04M28.00S,3,1610612745,HOU,1626174,Wood,C. Wood,0,0,0,,0,,,0,h,Wood S.FOUL (P4.T3) (J.Williams),Foul,Shooting,1,0,305
0022000657,418,PT04M28.00S,3,1610612761,TOR,1627832,VanVleet,F. VanVleet,0,0,0,,0,84,72,156,v,VanVleet Free Throw 1 of 2 (15 PTS),Free Throw,Free Throw 1 of 2,1,0,306
0022000657,419,PT04M28.00S,3,1610612745,HOU,1630256,Tate,J. Tate,0,0,0,,0,,,0,h,SUB: Martin Jr. FOR Tate,Substitution,,0,0,307
0022000657,420,PT04M28.00S,3,1610612761,TOR,200768,Lowry,K. Lowry,0,0,0,,0,,,0,v,SUB: Watson FOR Lowry,Substitution,,0,0,308
0022000657,421,PT04M28.00S,3,1610612761,TOR,1626181,Powell,N. Powell,0,0,0,,0,,,0,v,SUB: Flynn FOR Powell,Substitution,,0,0,309
0022000657,425,PT04M28.00S,3,1610612761,TOR,1627832,VanVleet,F. VanVleet,0,0,0,,0,84,73,157,v,VanVleet Free Throw 2 of 2 (16 PTS),Free Throw,Free Throw 2 of 2,1,0,310
0022000657,426,PT04M12.00S,3,1610612761,TOR,1627783,Siakam,P. Siakam,0,0,0,,0,,,0,v,Siakam P.FOUL (P3.T2) (J.Williams),Foul,Personal,1,0,311
0022000657,428,PT03M59.00S,3,1610612745,HOU,1626174,Wood,C. Wood,18,182,18,Missed,1,,,0,h,MISS Wood 18' Jump Shot,Missed Shot,Jump Shot,1,2,312
0022000657,429,PT03M55.00S,3,1610612761,TOR,1627783,Siakam,P. Siakam,0,0,0,,0,,,0,v,Siakam REBOUND (Off:1 Def:6),Rebound,Unknown,1,0,313
0022000657,430,PT03M48.00S,3,1610612761,TOR,1627783,Siakam,P. Siakam,-62,91,11,Missed,1,,,0,v,MISS Siakam 11' Turnaround Jump Shot,Missed Shot,Turnaround Jump Shot,1,2,314
0022000657,430,PT03M48.00S,3,1610612745,HOU,202322,Wall,J. Wall,0,0,0,,0,,,0,h,Wall BLOCK (1 BLK),,,1,2,315
0022000657,432,PT03M45.00S,3,1610612745,HOU,1626174,Wood,C. Wood,0,0,0,,0,,,0,h,Wood REBOUND (Off:0 Def:3),Rebound,Unknown,1,0,316
0022000657,433,PT03M33.00S,3,1610612745,HOU,202322,Wall,J. Wall,112,126,17,Missed,1,,,0,h,MISS Wall 17' Pullup Jump Shot,Missed Shot,Pullup Jump shot,1,2,317
0022000657,434,PT03M32.00S,3,1610612761,TOR,1630201,Flynn,M. Flynn,0,0,0,,0,,,0,v,Flynn REBOUND (Off:0 Def:1),Rebound,Unknown,1,0,318
0022000657,435,PT03M26.00S,3,1610612761,TOR,1627832,VanVleet,F. VanVleet,177,209,27,Missed,1,,,0,v,MISS VanVleet 27' 3PT Running Jump Shot,Missed Shot,Running Jump Shot,1,3,319
0022000657,436,PT03M25.00S,3,1610612745,HOU,1630231,Martin,K. Martin,0,0,0,,0,,,0,h,Martin Jr. REBOUND (Off:0 Def:4),Rebound,Unknown,1,0,320
0022000657,437,PT03M08.00S,3,1610612745,HOU,1626174,Wood,C. Wood,-53,103,12,Made,1,86,73,159,h,Wood 12' Driving Floating Jump Shot (12 PTS),Made Shot,Driving Floating Jump Shot,1,2,321
0022000657,438,PT03M07.00S,3,0,,1610612761,,,0,0,0,,0,,,0,v,Raptors Timeout: Regular (Reg.3 Short 0),Timeout,Regular,0,0,322
0022000657,441,PT03M07.00S,3,1610612745,HOU,1628425,Brown,S. Brown,0,0,0,,0,,,0,h,SUB: Augustin FOR Brown,Substitution,,0,0,323
0022000657,442,PT03M07.00S,3,1610612761,TOR,1627783,Siakam,P. Siakam,0,0,0,,0,,,0,v,SUB: Bembry FOR Siakam,Substitution,,0,0,324
0022000657,447,PT02M55.00S,3,1610612761,TOR,1627832,VanVleet,F. VanVleet,0,0,0,,0,,,0,v,VanVleet Bad Pass Turnover (P3.T11),Turnover,Bad Pass,1,0,325
0022000657,447,PT02M55.00S,3,1610612745,HOU,1630231,Martin,K. Martin,0,0,0,,0,,,0,h,Martin Jr. STEAL (1 STL),,,1,0,326
0022000657,449,PT02M50.00S,3,1610612745,HOU,1626174,Wood,C. Wood,-9,27,3,Missed,1,,,0,h,MISS Wood 3' Alley Oop Layup,Missed Shot,Alley Oop Layup shot,1,2,327
0022000657,450,PT02M48.00S,3,1610612761,TOR,1627761,Bembry,D. Bembry,0,0,0,,0,,,0,v,Bembry REBOUND (Off:0 Def:1),Rebound,Unknown,1,0,328
0022000657,601,PT02M46.00S,3,1610612761,TOR,1628449,Boucher,C. Boucher,19,-1,2,Missed,1,,,0,v,MISS Boucher 2' Running Alley Oop Dunk Shot,Missed Shot,Running Alley Oop Dunk Shot,1,2,329
0022000657,601,PT02M46.00S,3,1610612745,HOU,1630231,Martin,K. Martin,0,0,0,,0,,,0,h,Martin Jr. BLOCK (1 BLK),,,1,2,330
0022000657,603,PT02M45.00S,3,1610612761,TOR,1627761,Bembry,D. Bembry,0,0,0,,0,,,0,v,Bembry REBOUND (Off:1 Def:1),Rebound,Unknown,1,0,331
0022000657,451,PT02M42.00S,3,1610612761,TOR,1627761,Bembry,D. Bembry,31,18,4,Made,1,86,75,161,v,Bembry 4' Putback Layup (2 PTS),Made Shot,Putback Layup Shot,1,2,332
0022000657,452,PT02M18.00S,3,1610612745,HOU,1626174,Wood,C. Wood,5,27,3,Missed,1,,,0,h,MISS Wood 3' Floating Jump Shot,Missed Shot,Floating Jump shot,1,2,333
0022000657,453,PT02M18.00S,3,1610612761,TOR,1627832,VanVleet,F. VanVleet,0,0,0,,0,,,0,v,VanVleet REBOUND (Off:1 Def:6),Rebound,Unknown,1,0,334
0022000657,454,PT02M12.00S,3,1610612761,TOR,1627832,VanVleet,F. VanVleet,-90,252,27,Made,1,86,78,164,v,VanVleet 27' 3PT Jump Shot (19 PTS) (Flynn 3 AST),Made Shot,Jump Shot,1,3,335
0022000657,456,PT01M43.00S,3,1610612745,HOU,202322,Wall,J. Wall,-131,120,18,Missed,1,,,0,h,MISS Wall 18' Pullup Jump Shot,Missed Shot,Pullup Jump shot,1,2,336
0022000657,457,PT01M42.00S,3,1610612745,HOU,1630231,Martin,K. Martin,0,0,0,,0,,,0,h,Martin Jr. REBOUND (Off:1 Def:4),Rebound,Unknown,1,0,337
0022000657,458,PT01M39.00S,3,1610612745,HOU,1630231,Martin,K. Martin,16,52,5,Missed,1,,,0,h,MISS Martin Jr. 5' Putback Layup,Missed Shot,Putback Layup Shot,1,2,338
0022000657,458,PT01M39.00S,3,1610612761,TOR,1628449,Boucher,C. Boucher,0,0,0,,0,,,0,v,Boucher BLOCK (2 BLK),,,1,2,339
0022000657,460,PT01M38.00S,3,1610612745,HOU,1630231,Martin,K. Martin,0,0,0,,0,,,0,h,Martin Jr. REBOUND (Off:2 Def:4),Rebound,Unknown,1,0,340
0022000657,461,PT01M36.00S,3,1610612745,HOU,202322,Wall,J. Wall,0,0,0,,0,,,0,h,Wall Out of Bounds - Bad Pass Turnover Turnover (P3.T10),Turnover,Out of Bounds - Bad Pass Turnover,1,0,341
0022000657,462,PT01M36.00S,3,1610612745,HOU,1627863,House Jr.,D. House Jr.,0,0,0,,0,,,0,h,SUB: McLemore FOR House Jr.,Substitution,,0,0,342
0022000657,464,PT01M17.00S,3,1610612761,TOR,1628778,Watson,P. Watson,-229,37,0,Missed,1,,,0,v,MISS Watson 3PT Jump Shot,Missed Shot,Jump Shot,1,3,343
0022000657,465,PT01M15.00S,3,1610612761,TOR,1628449,Boucher,C. Boucher,0,0,0,,0,,,0,v,Boucher REBOUND (Off:2 Def:4),Rebound,Unknown,1,0,344
0022000657,466,PT01M15.00S,3,1610612761,TOR,1628449,Boucher,C. Boucher,-6,26,3,Made,1,86,80,166,v,Boucher 3' Putback Layup (3 PTS),Made Shot,Putback Layup Shot,1,2,345
0022000657,467,PT01M15.00S,3,1610612745,HOU,202322,Wall,J. Wall,0,0,0,,0,,,0,h,Wall S.FOUL (P1.T4) (J.Williams),Foul,Shooting,1,0,346
0022000657,469,PT01M15.00S,3,1610612761,TOR,1628449,Boucher,C. Boucher,0,0,0,,0,86,81,167,v,Boucher Free Throw 1 of 1 (4 PTS),Free Throw,Free Throw 1 of 1,1,0,347
0022000657,470,PT01M03.00S,3,1610612745,HOU,202322,Wall,J. Wall,2,15,2,Missed,1,,,0,h,MISS Wall 2' Driving Finger Roll Layup,Missed Shot,Driving Finger Roll Layup Shot,1,2,348
0022000657,471,PT01M03.00S,3,1610612745,HOU,1630231,Martin,K. Martin,0,0,0,,0,,,0,h,Martin Jr. REBOUND (Off:3 Def:4),Rebound,Unknown,1,0,349
0022000657,472,PT01M03.00S,3,1610612761,TOR,1628778,Watson,P. Watson,0,0,0,,0,,,0,v,Watson S.FOUL (P3.T3) (J.Williams),Foul,Shooting,1,0,350
0022000657,474,PT01M03.00S,3,1610612745,HOU,1630231,Martin,K. Martin,0,0,0,,0,87,81,168,h,Martin Jr. Free Throw 1 of 2 (4 PTS),Free Throw,Free Throw 1 of 2,1,0,351
0022000657,475,PT01M03.00S,3,1610612745,HOU,202322,Wall,J. Wall,0,0,0,,0,,,0,h,SUB: Tate FOR Wall,Substitution,,0,0,352
0022000657,477,PT01M03.00S,3,1610612745,HOU,1630231,Martin,K. Martin,0,0,0,,0,88,81,169,h,Martin Jr. Free Throw 2 of 2 (5 PTS),Free Throw,Free Throw 2 of 2,1,0,353
0022000657,478,PT00M43.40S,3,1610612761,TOR,1627832,VanVleet,F. VanVleet,22,18,3,Made,1,88,83,171,v,VanVleet 3' Layup (21 PTS),Made Shot,Layup Shot,1,2,354
0022000657,479,PT00M28.70S,3,1610612745,HOU,203463,McLemore,B. McLemore,160,214,27,Missed,1,,,0,h,MISS McLemore 27' 3PT Jump Shot,Missed Shot,Jump Shot,1,3,355
0022000657,480,PT00M26.80S,3,1610612761,TOR,1628449,Boucher,C. Boucher,0,0,0,,0,,,0,v,Boucher REBOUND (Off:2 Def:5),Rebound,Unknown,1,0,356
0022000657,481,PT00M07.70S,3,1610612761,TOR,1627832,VanVleet,F. VanVleet,96,275,29,Made,1,88,86,174,v,VanVleet 29' 3PT Pullup Jump Shot (24 PTS),Made Shot,Pullup Jump shot,1,3,357
0022000657,482,PT00M01.50S,3,1610612745,HOU,1626174,Wood,C. Wood,220,136,26,Missed,1,,,0,h,MISS Wood 26' 3PT Jump Shot,Missed Shot,Jump Shot,1,3,358
0022000657,483,PT00M01.50S,3,0,,1610612745,,,0,0,0,,0,,,0,h,ROCKETS Rebound,Rebound,Unknown,0,0,359
0022000657,484,PT00M00.00S,3,0,,0,,,0,0,0,,0,88,86,174,,End of 3rd Period (10:47 PM EST),period,end,1,0,360
0022000657,487,PT12M00.00S,4,0,,0,,,0,0,0,,0,88,86,174,,Start of 4th Period (10:50 PM EST),period,start,0,0,361
0022000657,488,PT11M41.00S,4,1610612745,HOU,1628391,Wilson,D. Wilson,0,0,0,,0,,,0,h,Wilson S.FOUL (P3.T1) (M.Ervin),Foul,Shooting,1,0,362
0022000657,490,PT11M41.00S,4,1610612761,TOR,1627761,Bembry,D. Bembry,0,0,0,,0,,,0,v,MISS Bembry Free Throw 1 of 2,Free Throw,Free Throw 1 of 2,1,0,363
0022000657,491,PT11M41.00S,4,0,,1610612761,,,0,0,0,,0,,,0,v,Raptors Rebound,Rebound,Normal Rebound,0,0,364
0022000657,492,PT11M41.00S,4,1610612761,TOR,1627761,Bembry,D. Bembry,0,0,0,,0,88,87,175,v,Bembry Free Throw 2 of 2 (3 PTS),Free Throw,Free Throw 2 of 2,1,0,365
0022000657,493,PT11M24.00S,4,1610612761,TOR,1628449,Boucher,C. Boucher,0,0,0,,0,,,0,v,Boucher S.FOUL (P1.T1) (M.Ervin),Foul,Shooting,1,0,366
0022000657,495,PT11M24.00S,4,1610612745,HOU,1630231,Martin,K. Martin,0,0,0,,0,89,87,176,h,Martin Jr. Free Throw 1 of 2 (6 PTS),Free Throw,Free Throw 1 of 2,1,0,367
0022000657,496,PT11M24.00S,4,1610612745,HOU,1630231,Martin,K. Martin,0,0,0,,0,90,87,177,h,Martin Jr. Free Throw 2 of 2 (7 PTS),Free Throw,Free Throw 2 of 2,1,0,368
0022000657,497,PT11M11.00S,4,1610612761,TOR,1627761,Bembry,D. Bembry,27,12,3,Missed,1,,,0,v,MISS Bembry 3' Turnaround Jump Shot,Missed Shot,Turnaround Jump Shot,1,2,369
0022000657,497,PT11M11.00S,4,1610612745,HOU,1630231,Martin,K. Martin,0,0,0,,0,,,0,h,Martin Jr. BLOCK (2 BLK),,,1,2,370
0022000657,498,PT11M10.00S,4,1610612745,HOU,201571,Augustin,D. Augustin,0,0,0,,0,,,0,h,Augustin REBOUND (Off:0 Def:1),Rebound,Unknown,1,0,371
0022000657,499,PT10M59.00S,4,1610612745,HOU,1630231,Martin,K. Martin,-144,215,26,Missed,1,,,0,h,MISS Martin Jr. 26' 3PT Jump Shot,Missed Shot,Jump Shot,1,3,372
0022000657,500,PT10M57.00S,4,1610612761,TOR,1628449,Boucher,C. Boucher,0,0,0,,0,,,0,v,Boucher REBOUND (Off:2 Def:6),Rebound,Unknown,1,0,373
0022000657,501,PT10M38.00S,4,1610612761,TOR,1627832,VanVleet,F. VanVleet,36,260,26,Missed,1,,,0,v,MISS VanVleet 26' 3PT Pullup Jump Shot,Missed Shot,Pullup Jump shot,1,3,374
0022000657,502,PT10M37.00S,4,1610612745,HOU,1630231,Martin,K. Martin,0,0,0,,0,,,0,h,Martin Jr. REBOUND (Off:3 Def:5),Rebound,Unknown,1,0,375
0022000657,503,PT10M18.00S,4,1610612745,HOU,203463,McLemore,B. McLemore,224,122,26,Missed,1,,,0,h,MISS McLemore 26' 3PT Jump Shot,Missed Shot,Jump Shot,1,3,376
0022000657,504,PT10M16.00S,4,1610612761,TOR,1628449,Boucher,C. Boucher,0,0,0,,0,,,0,v,Boucher REBOUND (Off:2 Def:7),Rebound,Unknown,1,0,377
0022000657,505,PT10M05.00S,4,1610612745,HOU,1630256,Tate,J. Tate,0,0,0,,0,,,0,h,Tate P.FOUL (P3.T2) (J.Williams),Foul,Personal,1,0,378
0022000657,507,PT10M05.00S,4,1610612761,TOR,1627832,VanVleet,F. VanVleet,0,0,0,,0,,,0,v,SUB: Lowry FOR VanVleet,Substitution,,0,0,379
0022000657,509,PT09M50.00S,4,1610612761,TOR,1627761,Bembry,D. Bembry,4,49,5,Missed,1,,,0,v,MISS Bembry 5' Driving Hook Shot,Missed Shot,Driving Hook Shot,1,2,380
0022000657,510,PT09M47.00S,4,1610612745,HOU,203463,McLemore,B. McLemore,0,0,0,,0,,,0,h,McLemore REBOUND (Off:0 Def:1),Rebound,Unknown,1,0,381
0022000657,511,PT09M29.00S,4,1610612761,TOR,1627761,Bembry,D. Bembry,0,0,0,,0,,,0,v,Bembry P.FOUL (P1.T2) (M.Ervin),Foul,Personal,1,0,382
0022000657,513,PT09M16.00S,4,1610612745,HOU,201571,Augustin,D. Augustin,-231,24,0,Missed,1,,,0,h,MISS Augustin 3PT Step Back Jump Shot,Missed Shot,Step Back Jump shot,1,3,383
0022000657,514,PT09M14.00S,4,1610612761,TOR,1628449,Boucher,C. Boucher,0,0,0,,0,,,0,v,Boucher REBOUND (Off:2 Def:8),Rebound,Unknown,1,0,384
0022000657,515,PT09M06.00S,4,1610612761,TOR,200768,Lowry,K. Lowry,-67,185,20,Missed,1,,,0,v,MISS Lowry 20' Pullup Jump Shot,Missed Shot,Pullup Jump shot,1,2,385
0022000657,516,PT09M05.00S,4,1610612745,HOU,201571,Augustin,D. Augustin,0,0,0,,0,,,0,h,Augustin REBOUND (Off:0 Def:2),Rebound,Unknown,1,0,386
0022000657,517,PT08M56.00S,4,1610612745,HOU,1628391,Wilson,D. Wilson,-19,9,2,Made,1,92,87,179,h,Wilson 2' Cutting Layup Shot (6 PTS) (Augustin 2 AST),Made Shot,Cutting Layup Shot,1,2,387
0022000657,519,PT08M56.00S,4,1610612761,TOR,1628449,Boucher,C. Boucher,0,0,0,,0,,,0,v,Boucher S.FOUL (P2.T3) (S.Jelks),Foul,Shooting,1,0,388
0022000657,521,PT08M56.00S,4,1610612761,TOR,1630201,Flynn,M. Flynn,0,0,0,,0,,,0,v,SUB: Powell FOR Flynn,Substitution,,0,0,389
0022000657,523,PT08M56.00S,4,1610612745,HOU,1628391,Wilson,D. Wilson,0,0,0,,0,93,87,180,h,Wilson Free Throw 1 of 1 (7 PTS),Free Throw,Free Throw 1 of 1,1,0,390
0022000657,524,PT08M47.00S,4,1610612761,TOR,1627761,Bembry,D. Bembry,11,44,5,Missed,1,,,0,v,MISS Bembry 5' Cutting Layup Shot,Missed Shot,Cutting Layup Shot,1,2,391
0022000657,524,PT08M47.00S,4,1610612745,HOU,203463,McLemore,B. McLemore,0,0,0,,0,,,0,h,McLemore BLOCK (1 BLK),,,1,2,392
0022000657,526,PT08M46.00S,4,1610612745,HOU,1628391,Wilson,D. Wilson,0,0,0,,0,,,0,h,Wilson REBOUND (Off:0 Def:2),Rebound,Unknown,1,0,393
0022000657,527,PT08M36.00S,4,1610612745,HOU,1630256,Tate,J. Tate,-26,17,3,Made,1,95,87,182,h,Tate 3' Reverse Layup (17 PTS) (Augustin 3 AST),Made Shot,Reverse Layup Shot,1,2,394
0022000657,529,PT08M35.00S,4,1610612761,TOR,1627761,Bembry,D. Bembry,0,0,0,,0,,,0,v,Bembry T.FOUL (P1.T3) (M.Ervin),Foul,Technical,0,0,395
0022000657,531,PT08M35.00S,4,1610612761,TOR,1627761,Bembry,D. Bembry,0,0,0,,0,,,0,v,Bembry T.FOUL (P1.T3) (M.Ervin),Foul,Technical,0,0,396
0022000657,532,PT08M35.00S,4,1610612761,TOR,1627761,Bembry,D. Bembry,0,0,0,,0,,,0,v,Bembry Ejection:Other,Ejection,Other,0,0,397
0022000657,533,PT08M35.00S,4,0,,1610612761,,,0,0,0,,0,,,0,v,Raptors Timeout: Regular (Reg.4 Short 0),Timeout,Regular,0,0,398
0022000657,534,PT08M35.00S,4,1610612745,HOU,203463,McLemore,B. McLemore,0,0,0,,0,,,0,h,SUB: House Jr. FOR McLemore,Substitution,,0,0,399
0022000657,535,PT08M35.00S,4,1610612761,TOR,1628778,Watson,P. Watson,0,0,0,,0,,,0,v,SUB: VanVleet FOR Watson,Substitution,,0,0,400
0022000657,536,PT08M35.00S,4,1610612761,TOR,1627761,Bembry,D. Bembry,0,0,0,,0,,,0,v,SUB: Siakam FOR Bembry,Substitution,,0,0,401
0022000657,540,PT08M35.00S,4,1610612745,HOU,201571,Augustin,D. Augustin,0,0,0,,0,96,87,183,h,Augustin Free Throw Technical (3 PTS),Free Throw,Free Throw Technical,1,0,402
0022000657,551,PT08M35.00S,4,1610612745,HOU,201571,Augustin,D. Augustin,0,0,0,,0,97,87,184,h,Augustin Free Throw Technical (4 PTS),Free Throw,Free Throw Technical,1,0,403
0022000657,541,PT08M24.00S,4,1610612761,TOR,1626181,Powell,N. Powell,0,0,0,,0,,,0,v,Powell Bad Pass Turnover (P2.T12),Turnover,Bad Pass,1,0,404
0022000657,541,PT08M24.00S,4,1610612745,HOU,201571,Augustin,D. Augustin,0,0,0,,0,,,0,h,Augustin STEAL (1 STL),,,1,0,405
0022000657,543,PT08M08.00S,4,1610612745,HOU,1630231,Martin,K. Martin,-49,4,5,Missed,1,,,0,h,MISS Martin Jr. 5' Driving Floating Jump Shot,Missed Shot,Driving Floating Jump Shot,1,2,406
0022000657,544,PT08M07.00S,4,1610612761,TOR,200768,Lowry,K. Lowry,0,0,0,,0,,,0,v,Lowry REBOUND (Off:0 Def:3),Rebound,Unknown,1,0,407
0022000657,545,PT08M01.00S,4,1610612761,TOR,200768,Lowry,K. Lowry,-107,149,18,Made,1,97,89,186,v,Lowry 18' Pullup Jump Shot (16 PTS) (Powell 3 AST),Made Shot,Pullup Jump shot,1,2,408
0022000657,547,PT08M01.00S,4,1610612745,HOU,1628391,Wilson,D. Wilson,0,0,0,,0,,,0,h,Wilson S.FOUL (P4.T3) (J.Williams),Foul,Shooting,1,0,409
0022000657,553,PT08M01.00S,4,1610612745,HOU,1628391,Wilson,D. Wilson,0,0,0,,0,,,0,h,SUB: Wood FOR Wilson,Substitution,,0,0,410
0022000657,554,PT08M01.00S,4,1610612745,HOU,1630231,Martin,K. Martin,0,0,0,,0,,,0,h,SUB: Wall FOR Martin Jr.,Substitution,,0,0,411
0022000657,552,PT08M01.00S,4,1610612761,TOR,200768,Lowry,K. Lowry,0,0,0,,0,97,90,187,v,Lowry Free Throw 1 of 1 (17 PTS),Free Throw,Free Throw 1 of 1,1,0,412
0022000657,556,PT07M38.00S,4,1610612745,HOU,202322,Wall,J. Wall,-199,172,26,Missed,1,,,0,h,MISS Wall 26' 3PT Jump Shot,Missed Shot,Jump Shot,1,3,413
0022000657,557,PT07M35.00S,4,0,,1610612761,,,0,0,0,,0,,,0,v,Raptors Rebound,Rebound,Unknown,0,0,414
0022000657,559,PT07M23.00S,4,1610612761,TOR,1626181,Powell,N. Powell,35,39,5,Missed,1,,,0,v,MISS Powell 5' Driving Layup,Missed Shot,Driving Layup Shot,1,2,415
0022000657,559,PT07M23.00S,4,1610612745,HOU,202322,Wall,J. Wall,0,0,0,,0,,,0,h,Wall BLOCK (2 BLK),,,1,2,416
0022000657,561,PT07M23.00S,4,0,,1610612745,,,0,0,0,,0,,,0,h,ROCKETS Rebound,Rebound,Unknown,0,0,417
0022000657,563,PT07M23.00S,4,1610612745,HOU,201571,Augustin,D. Augustin,0,0,0,,0,,,0,h,SUB: Brown FOR Augustin,Substitution,,0,0,418
0022000657,565,PT07M05.00S,4,1610612745,HOU,1626174,Wood,C. Wood,-8,109,11,Made,1,99,90,189,h,Wood 11' Turnaround Jump Shot (14 PTS) (Wall 8 AST),Made Shot,Turnaround Jump Shot,1,2,419
0022000657,567,PT06M51.00S,4,1610612761,TOR,1628449,Boucher,C. Boucher,57,256,26,Missed,1,,,0,v,MISS Boucher 26' 3PT Jump Shot,Missed Shot,Jump Shot,1,3,420
0022000657,568,PT06M48.00S,4,1610612745,HOU,1628425,Brown,S. Brown,0,0,0,,0,,,0,h,Brown REBOUND (Off:1 Def:8),Rebound,Unknown,1,0,421
0022000657,569,PT06M30.00S,4,1610612761,TOR,1628449,Boucher,C. Boucher,0,0,0,,0,,,0,v,Boucher S.FOUL (P3.T4) (M.Ervin),Foul,Shooting,1,0,422
0022000657,571,PT06M30.00S,4,1610612745,HOU,1630256,Tate,J. Tate,0,0,0,,0,,,0,h,MISS Tate Free Throw 1 of 3,Free Throw,Free Throw 1 of 3,1,0,423
0022000657,572,PT06M30.00S,4,0,,1610612745,,,0,0,0,,0,,,0,h,ROCKETS Rebound,Rebound,Normal Rebound,0,0,424
0022000657,573,PT06M30.00S,4,1610612745,HOU,1630256,Tate,J. Tate,0,0,0,,0,100,90,190,h,Tate Free Throw 2 of 3 (18 PTS),Free Throw,Free Throw 2 of 3,1,0,425
0022000657,574,PT06M30.00S,4,1610612761,TOR,1628449,Boucher,C. Boucher,0,0,0,,0,,,0,v,SUB: Watson FOR Boucher,Substitution,,0,0,426
0022000657,576,PT06M30.00S,4,1610612745,HOU,1630256,Tate,J. Tate,0,0,0,,0,101,90,191,h,Tate Free Throw 3 of 3 (19 PTS),Free Throw,Free Throw 3 of 3,1,0,427
0022000657,577,PT06M24.00S,4,1610612761,TOR,200768,Lowry,K. Lowry,-203,169,26,Missed,1,,,0,v,MISS Lowry 26' 3PT Pullup Jump Shot,Missed Shot,Pullup Jump shot,1,3,428
0022000657,578,PT06M22.00S,4,0,,1610612745,,,0,0,0,,0,,,0,h,ROCKETS Rebound,Rebound,Unknown,0,0,429
0022000657,580,PT06M01.00S,4,1610612745,HOU,202322,Wall,J. Wall,39,22,4,Missed,1,,,0,h,MISS Wall 4' Layup,Missed Shot,Layup Shot,1,2,430
0022000657,580,PT06M01.00S,4,1610612761,TOR,200768,Lowry,K. Lowry,0,0,0,,0,,,0,v,Lowry BLOCK (2 BLK),,,1,2,431
0022000657,582,PT06M00.00S,4,1610612745,HOU,202322,Wall,J. Wall,0,0,0,,0,,,0,h,Wall REBOUND (Off:3 Def:4),Rebound,Unknown,1,0,432
0022000657,583,PT05M56.00S,4,1610612745,HOU,202322,Wall,J. Wall,5,16,2,Made,1,103,90,193,h,Wall 2' Putback Layup (19 PTS),Made Shot,Putback Layup Shot,1,2,433
0022000657,584,PT05M45.00S,4,1610612761,TOR,1627783,Siakam,P. Siakam,-9,17,2,Made,1,103,92,195,v,Siakam 2' Layup (21 PTS) (Lowry 7 AST),Made Shot,Layup Shot,1,2,434
0022000657,586,PT05M26.00S,4,1610612745,HOU,1628425,Brown,S. Brown,-228,14,0,Missed,1,,,0,h,MISS Brown 3PT Jump Shot,Missed Shot,Jump Shot,1,3,435
0022000657,587,PT05M23.00S,4,1610612761,TOR,1627783,Siakam,P. Siakam,0,0,0,,0,,,0,v,Siakam REBOUND (Off:1 Def:7),Rebound,Unknown,1,0,436
0022000657,588,PT05M08.00S,4,1610612761,TOR,200768,Lowry,K. Lowry,0,0,0,,0,,,0,v,Lowry Bad Pass Turnover (P1.T13),Turnover,Bad Pass,1,0,437
0022000657,588,PT05M08.00S,4,1610612745,HOU,1626174,Wood,C. Wood,0,0,0,,0,,,0,h,Wood STEAL (1 STL),,,1,0,438
0022000657,590,PT05M02.00S,4,1610612761,TOR,1628778,Watson,P. Watson,0,0,0,,0,,,0,v,Watson Personal Take Foul (P4.PN) (M.Ervin),Foul,Personal Take,1,0,439
0022000657,592,PT05M02.00S,4,1610612745,HOU,1628425,Brown,S. Brown,0,0,0,,0,104,92,196,h,Brown Free Throw 1 of 2 (17 PTS),Free Throw,Free Throw 1 of 2,1,0,440
0022000657,593,PT05M02.00S,4,1610612745,HOU,1628425,Brown,S. Brown,0,0,0,,0,105,92,197,h,Brown Free Throw 2 of 2 (18 PTS),Free Throw,Free Throw 2 of 2,1,0,441
0022000657,594,PT04M45.00S,4,1610612761,TOR,1627832,VanVleet,F. VanVleet,-237,60,24,Missed,1,,,0,v,MISS VanVleet 24' 3PT Jump Shot,Missed Shot,Jump Shot,1,3,442
0022000657,595,PT04M44.00S,4,1610612745,HOU,202322,Wall,J. Wall,0,0,0,,0,,,0,h,Wall REBOUND (Off:3 Def:5),Rebound,Unknown,1,0,443
0022000657,596,PT04M38.00S,4,1610612745,HOU,1626174,Wood,C. Wood,14,21,3,Made,1,107,92,199,h,Wood 3' Running Alley Oop Dunk Shot (16 PTS) (Wall 9 AST),Made Shot,Running Alley Oop Dunk Shot,1,2,444
0022000657,598,PT04M38.00S,4,1610612761,TOR,1627783,Siakam,P. Siakam,0,0,0,,0,,,0,v,Siakam S.FOUL (P4.PN) (S.Jelks),Foul,Shooting,1,0,445
0022000657,600,PT04M38.00S,4,1610612745,HOU,1626174,Wood,C. Wood,0,0,0,,0,108,92,200,h,Wood Free Throw 1 of 1 (17 PTS),Free Throw,Free Throw 1 of 1,1,0,446
0022000657,604,PT04M27.00S,4,1610612761,TOR,1627783,Siakam,P. Siakam,3,69,7,Missed,1,,,0,v,MISS Siakam 7' Hook Shot,Missed Shot,Hook Shot,1,2,447
0022000657,605,PT04M26.00S,4,1610612761,TOR,1627783,Siakam,P. Siakam,0,0,0,,0,,,0,v,Siakam REBOUND (Off:2 Def:7),Rebound,Unknown,1,0,448
0022000657,606,PT04M24.00S,4,1610612761,TOR,1627832,VanVleet,F. VanVleet,87,267,28,Made,1,108,95,203,v,VanVleet 28' 3PT Jump Shot (27 PTS) (Siakam 3 AST),Made Shot,Jump Shot,1,3,449
0022000657,608,PT04M23.00S,4,0,,1610612745,,,0,0,0,,0,,,0,h,ROCKETS Timeout: Regular (Full 4 Short 0),Timeout,Regular,0,0,450
0022000657,609,PT04M11.00S,4,1610612745,HOU,1626174,Wood,C. Wood,2,11,1,Made,1,110,95,205,h,Wood 1' Cutting Dunk Shot (19 PTS) (Tate 3 AST),Made Shot,Cutting Dunk Shot,1,2,451
0022000657,611,PT03M57.00S,4,1610612745,HOU,202322,Wall,J. Wall,0,0,0,,0,,,0,h,Wall P.FOUL (P2.T4) (J.Williams),Foul,Personal,1,0,452
0022000657,613,PT03M57.00S,4,0,,1610612745,,,0,0,0,,0,,,0,h,ROCKETS Timeout: Regular (Full 5 Short 0),Timeout,Regular,0,0,453
0022000657,614,PT03M57.00S,4,0,,611,,,0,0,0,,0,110,95,205,,Instant Replay4th Period (11:13 PM EST),Instant Replay,Coach Challenge Support Ruling,1,0,454
0022000657,616,PT03M47.00S,4,1610612761,TOR,1626181,Powell,N. Powell,0,0,0,,0,,,0,v,Powell OFF.Foul (P3) (S.Jelks),Foul,Offensive,1,0,455
0022000657,618,PT03M47.00S,4,1610612761,TOR,1626181,Powell,N. Powell,0,0,0,,0,,,0,v,Powell Offensive Foul Turnover (P3.T14),Turnover,Offensive Foul Turnover,1,0,456
0022000657,619,PT03M47.00S,4,0,,1610612761,,,0,0,0,,0,,,0,v,Raptors Timeout: Regular (Reg.5 Short 0),Timeout,Regular,0,0,457
0022000657,620,PT03M47.00S,4,0,,616,,,0,0,0,,0,110,95,205,,Instant Replay4th Period (11:16 PM EST),Instant Replay,Coach Challenge Ruling Stands,1,0,458
0022000657,621,PT03M27.00S,4,1610612745,HOU,202322,Wall,J. Wall,54,204,21,Missed,1,,,0,h,MISS Wall 21' Pullup Jump Shot,Missed Shot,Pullup Jump shot,1,2,459
0022000657,622,PT03M26.00S,4,1610612761,TOR,200768,Lowry,K. Lowry,0,0,0,,0,,,0,v,Lowry REBOUND (Off:0 Def:4),Rebound,Unknown,1,0,460
0022000657,623,PT03M19.00S,4,1610612761,TOR,1626181,Powell,N. Powell,16,20,3,Made,1,110,97,207,v,Powell 3' Driving Dunk (17 PTS) (Lowry 8 AST),Made Shot,Driving Dunk Shot,1,2,461
0022000657,625,PT02M49.00S,4,1610612745,HOU,1630256,Tate,J. Tate,13,4,1,Made,1,112,97,209,h,Tate 1' Cutting Layup Shot (21 PTS) (Wall 10 AST),Made Shot,Cutting Layup Shot,1,2,462
0022000657,627,PT02M35.00S,4,1610612761,TOR,1627832,VanVleet,F. VanVleet,-182,227,29,Missed,1,,,0,v,MISS VanVleet 29' 3PT Jump Shot,Missed Shot,Jump Shot,1,3,463
0022000657,628,PT02M34.00S,4,1610612745,HOU,1626174,Wood,C. Wood,0,0,0,,0,,,0,h,Wood REBOUND (Off:0 Def:4),Rebound,Unknown,1,0,464
0022000657,629,PT02M12.00S,4,1610612745,HOU,1626174,Wood,C. Wood,13,19,2,Missed,1,,,0,h,MISS Wood 2' Alley Oop Dunk,Missed Shot,Alley Oop Dunk Shot,1,2,465
0022000657,630,PT02M11.00S,4,1610612745,HOU,1630256,Tate,J. Tate,0,0,0,,0,,,0,h,Tate REBOUND (Off:2 Def:3),Rebound,Unknown,1,0,466
0022000657,631,PT01M57.00S,4,1610612745,HOU,202322,Wall,J. Wall,110,155,19,Missed,1,,,0,h,MISS Wall 19' Step Back Jump Shot,Missed Shot,Step Back Jump shot,1,2,467
0022000657,632,PT01M54.00S,4,1610612745,HOU,1630256,Tate,J. Tate,0,0,0,,0,,,0,h,Tate REBOUND (Off:3 Def:3),Rebound,Unknown,1,0,468
0022000657,633,PT01M53.00S,4,1610612761,TOR,1627783,Siakam,P. Siakam,0,0,0,,0,,,0,v,Siakam P.FOUL (P5.PN) (J.Williams),Foul,Personal,1,0,469
0022000657,635,PT01M53.00S,4,1610612745,HOU,1630256,Tate,J. Tate,0,0,0,,0,113,97,210,h,Tate Free Throw 1 of 2 (22 PTS),Free Throw,Free Throw 1 of 2,1,0,470
0022000657,636,PT01M53.00S,4,1610612745,HOU,1630256,Tate,J. Tate,0,0,0,,0,,,0,h,MISS Tate Free Throw 2 of 2,Free Throw,Free Throw 2 of 2,1,0,471
0022000657,637,PT01M53.00S,4,1610612761,TOR,1627832,VanVleet,F. VanVleet,0,0,0,,0,,,0,v,VanVleet REBOUND (Off:1 Def:7),Rebound,Unknown,1,0,472
0022000657,638,PT01M47.00S,4,1610612761,TOR,1626181,Powell,N. Powell,26,8,3,Made,1,113,99,212,v,Powell 3' Running Dunk (19 PTS),Made Shot,Running Dunk Shot,1,2,473
0022000657,639,PT01M40.00S,4,1610612745,HOU,1628425,Brown,S. Brown,-20,4,2,Made,1,115,99,214,h,Brown 2' Finger Roll Layup (20 PTS) (Tate 4 AST),Made Shot,Finger Roll Layup Shot,1,2,474
0022000657,641,PT01M35.00S,4,1610612761,TOR,1626181,Powell,N. Powell,177,218,28,Missed,1,,,0,v,MISS Powell 28' 3PT Jump Shot,Missed Shot,Jump Shot,1,3,475
0022000657,642,PT01M34.00S,4,1610612745,HOU,202322,Wall,J. Wall,0,0,0,,0,,,0,h,Wall REBOUND (Off:3 Def:6),Rebound,Unknown,1,0,476
0022000657,643,PT01M07.00S,4,1610612745,HOU,1626174,Wood,C. Wood,0,0,0,,0,,,0,h,Wood Lost Ball Turnover (P4.T11),Turnover,Lost Ball,1,0,477
0022000657,643,PT01M07.00S,4,1610612761,TOR,1627783,Siakam,P. Siakam,0,0,0,,0,,,0,v,Siakam STEAL (1 STL),,,1,0,478
0022000657,645,PT01M03.00S,4,1610612761,TOR,1627783,Siakam,P. Siakam,-8,25,3,Missed,1,,,0,v,MISS Siakam 3' Running Layup,Missed Shot,Running Layup Shot,1,2,479
0022000657,646,PT01M01.00S,4,1610612761,TOR,1627783,Siakam,P. Siakam,0,0,0,,0,,,0,v,Siakam REBOUND (Off:3 Def:7),Rebound,Unknown,1,0,480
0022000657,647,PT01M00.00S,4,1610612761,TOR,1627783,Siakam,P. Siakam,0,0,0,,0,,,0,v,Siakam Lost Ball Turnover (P2.T15),Turnover,Lost Ball,1,0,481
0022000657,647,PT01M00.00S,4,1610612745,HOU,1630256,Tate,J. Tate,0,0,0,,0,,,0,h,Tate STEAL (2 STL),,,1,0,482
0022000657,649,PT00M57.60S,4,1610612745,HOU,1627863,House Jr.,D. House Jr.,9,8,1,Made,1,117,99,216,h,House Jr. 1' Running Layup (12 PTS) (Tate 5 AST),Made Shot,Running Layup Shot,1,2,483
0022000657,650,PT00M50.30S,4,1610612761,TOR,200768,Lowry,K. Lowry,-144,216,26,Missed,1,,,0,v,MISS Lowry 26' 3PT Pullup Jump Shot,Missed Shot,Pullup Jump shot,1,3,484
0022000657,651,PT00M43.30S,4,1610612745,HOU,202322,Wall,J. Wall,0,0,0,,0,,,0,h,Wall REBOUND (Off:3 Def:7),Rebound,Unknown,1,0,485
0022000657,653,PT00M38.10S,4,1610612745,HOU,202322,Wall,J. Wall,203,252,32,Missed,1,,,0,h,MISS Wall 32' 3PT Pullup Jump Shot,Missed Shot,Pullup Jump shot,1,3,486
0022000657,654,PT00M36.50S,4,1610612761,TOR,1628778,Watson,P. Watson,0,0,0,,0,,,0,v,Watson REBOUND (Off:0 Def:2),Rebound,Unknown,1,0,487
0022000657,655,PT00M31.60S,4,1610612761,TOR,1628778,Watson,P. Watson,87,239,25,Missed,1,,,0,v,MISS Watson 25' 3PT Pullup Jump Shot,Missed Shot,Pullup Jump shot,1,3,488
0022000657,656,PT00M29.20S,4,1610612745,HOU,1628425,Brown,S. Brown,0,0,0,,0,,,0,h,Brown REBOUND (Off:1 Def:9),Rebound,Unknown,1,0,489
0022000657,657,PT00M06.80S,4,0,,1610612745,,,0,0,0,,0,,,0,h,ROCKETS Turnover: Shot Clock (T#12),Turnover,Shot Clock Turnover,0,0,490
0022000657,658,PT00M03.00S,4,1610612761,TOR,1626181,Powell,N. Powell,139,236,27,Missed,1,,,0,v,MISS Powell 27' 3PT Step Back Jump Shot,Missed Shot,Step Back Jump shot,1,3,491
0022000657,659,PT00M01.80S,4,1610612745,HOU,202322,Wall,J. Wall,0,0,0,,0,,,0,h,Wall REBOUND (Off:3 Def:8),Rebound,Unknown,1,0,492
0022000657,660,PT00M00.00S,4,0,,0,,,0,0,0,,0,117,99,216,,End of 4th Period (11:24 PM EST),period,end,1,0,493
