gameId,actionNumber,clock,period,teamId,teamTricode,personId,playerName,playerNameI,xLegacy,yLegacy,shotDistance,shotResult,isFieldGoal,scoreHome,scoreAway,pointsTotal,location,description,actionType,subType,videoAvailable,shotValue,actionId
0021701151,2,PT12M00.00S,1,0,,0,,,0,0,0,,0,0,0,0,,Start of 1st Period (7:11 PM EST),period,start,0,0,1
0021701151,4,PT12M00.00S,1,1610612750,MIN,1626157,Towns,K. Towns,0,0,0,,0,,,0,h,Jump Ball Towns vs. Gobert: Tip to Gibson,Jump Ball,,1,0,2
0021701151,7,PT11M46.00S,1,1610612750,MIN,203952,Wiggins,A. Wiggins,-7,86,9,Made,1,2,0,2,h,Wiggins 9' Turnaround Fadeaway (2 PTS),Made Shot,Turnaround Fadeaway shot,1,2,3
0021701151,8,PT11M25.00S,1,1610612762,UTA,201937,Rubio,R. Rubio,-119,145,19,Made,1,2,2,4,v,Rubio 19' Jump Shot (2 PTS),Made Shot,Jump Shot,1,2,4
0021701151,9,PT11M04.00S,1,1610612750,MIN,203952,Wiggins,A. Wiggins,-187,186,26,Made,1,5,2,7,h,Wiggins 26' 3PT Jump Shot (5 PTS) (Towns 1 AST),Made Shot,Jump Shot,1,3,5
0021701151,11,PT10M38.00S,1,1610612762,UTA,201937,Rubio,R. Rubio,148,132,20,Missed,1,,,0,v,MISS Rubio 20' Pullup Jump Shot,Missed Shot,Pullup Jump shot,1,2,6
0021701151,12,PT10M37.00S,1,0,,1610612750,,,0,0,0,,0,,,0,h,TIMBERWOLVES Rebound,Rebound,Unknown,0,0,7
0021701151,13,PT10M25.00S,1,1610612750,MIN,1626145,Jones,T. Jones,27,13,3,Made,1,7,2,9,h,Jones 3' Cutting Layup Shot (2 PTS) (Gibson 1 AST),Made Shot,Cutting Layup Shot,1,2,8
0021701151,15,PT10M09.00S,1,1610612762,UTA,204060,Ingles,J. Ingles,232,73,24,Missed,1,,,0,v,MISS Ingles 24' 3PT Jump Shot,Missed Shot,Jump Shot,1,3,9
0021701151,16,PT10M05.00S,1,1610612750,MIN,203952,Wiggins,A. Wiggins,0,0,0,,0,,,0,h,Wiggins REBOUND (Off:0 Def:1),Rebound,Unknown,1,0,10
0021701151,17,PT09M59.00S,1,1610612750,MIN,203952,Wiggins,A. Wiggins,5,-3,1,Made,1,9,2,11,h,Wiggins 1' Driving Finger Roll Layup (7 PTS),Made Shot,Driving Finger Roll Layup Shot,1,2,11
0021701151,18,PT09M59.00S,1,0,,1610612762,,,0,0,0,,0,,,0,v,Jazz Timeout: Regular (Reg.1 Short 0),Timeout,Regular,0,0,12
0021701151,19,PT09M45.00S,1,1610612762,UTA,202324,Favors,D. Favors,-223,75,24,Missed,1,,,0,v,MISS Favors 24' 3PT Jump Shot,Missed Shot,Jump Shot,1,3,13
0021701151,20,PT09M41.00S,1,1610612750,MIN,202357,Bjelica,N. Bjelica,0,0,0,,0,,,0,h,Bjelica REBOUND (Off:0 Def:1),Rebound,Unknown,1,0,14
0021701151,21,PT09M25.00S,1,1610612750,MIN,203952,Wiggins,A. Wiggins,-84,159,18,Missed,1,,,0,h,MISS Wiggins 18' Turnaround Fadeaway Shot,Missed Shot,Turnaround Fadeaway shot,1,2,15
0021701151,22,PT09M21.00S,1,1610612762,UTA,201937,Rubio,R. Rubio,0,0,0,,0,,,0,v,Rubio REBOUND (Off:0 Def:1),Rebound,Unknown,1,0,16
0021701151,23,PT09M13.00S,1,1610612762,UTA,1628378,Mitchell,D. Mitchell,29,277,28,Made,1,9,5,14,v,Mitchell 28' 3PT Jump Shot (3 PTS) (Rubio 1 AST),Made Shot,Jump Shot,1,3,17
0021701151,25,PT08M56.00S,1,1610612750,MIN,202357,Bjelica,N. Bjelica,2,32,3,Missed,1,,,0,h,MISS Bjelica 3' Driving Layup,Missed Shot,Driving Layup Shot,1,2,18
0021701151,25,PT08M56.00S,1,1610612762,UTA,202324,Favors,D. Favors,0,0,0,,0,,,0,v,Favors BLOCK (1 BLK),,,1,2,19
0021701151,27,PT08M53.00S,1,1610612750,MIN,202357,Bjelica,N. Bjelica,0,0,0,,0,,,0,h,Bjelica REBOUND (Off:1 Def:1),Rebound,Unknown,1,0,20
0021701151,28,PT08M52.00S,1,1610612750,MIN,1626145,Jones,T. Jones,125,235,27,Missed,1,,,0,h,MISS Jones 27' 3PT Jump Shot,Missed Shot,Jump Shot,1,3,21
0021701151,29,PT08M51.00S,1,1610612762,UTA,201937,Rubio,R. Rubio,0,0,0,,0,,,0,v,Rubio REBOUND (Off:0 Def:2),Rebound,Unknown,1,0,22
0021701151,30,PT08M45.00S,1,1610612762,UTA,202324,Favors,D. Favors,5,8,1,Made,1,9,7,16,v,Favors 1' Alley Oop Dunk (2 PTS) (Ingles 1 AST),Made Shot,Alley Oop Dunk Shot,1,2,23
0021701151,32,PT08M45.00S,1,0,,1610612750,,,0,0,0,,0,,,0,h,TIMBERWOLVES Timeout: Regular (Full 1 Short 0),Timeout,Regular,0,0,24
0021701151,33,PT08M31.00S,1,1610612750,MIN,203952,Wiggins,A. Wiggins,-9,60,6,Missed,1,,,0,h,MISS Wiggins 6' Driving Floating Jump Shot,Missed Shot,Driving Floating Jump Shot,1,2,25
0021701151,34,PT08M26.00S,1,1610612750,MIN,203952,Wiggins,A. Wiggins,0,0,0,,0,,,0,h,Wiggins REBOUND (Off:1 Def:1),Rebound,Unknown,1,0,26
0021701151,35,PT08M26.00S,1,1610612750,MIN,203952,Wiggins,A. Wiggins,0,-6,1,Made,1,11,7,18,h,Wiggins 1' Putback Layup (9 PTS),Made Shot,Putback Layup Shot,1,2,27
0021701151,36,PT08M15.00S,1,1610612762,UTA,203497,Gobert,R. Gobert,0,0,0,,0,,,0,v,Gobert Bad Pass Turnover (P1.T1),Turnover,Bad Pass,1,0,28
0021701151,36,PT08M15.00S,1,1610612750,MIN,203952,Wiggins,A. Wiggins,0,0,0,,0,,,0,h,Wiggins STEAL (1 STL),,,1,0,29
0021701151,38,PT08M06.00S,1,1610612750,MIN,201959,Gibson,T. Gibson,-8,33,3,Made,1,13,7,20,h,Gibson 3' Driving Dunk (2 PTS) (Wiggins 1 AST),Made Shot,Driving Dunk Shot,1,2,30
0021701151,40,PT07M47.00S,1,1610612762,UTA,203497,Gobert,R. Gobert,0,0,0,,0,,,0,v,Gobert Bad Pass Turnover (P2.T2),Turnover,Bad Pass,1,0,31
0021701151,40,PT07M47.00S,1,1610612750,MIN,1626145,Jones,T. Jones,0,0,0,,0,,,0,h,Jones STEAL (1 STL),,,1,0,32
0021701151,42,PT07M40.00S,1,1610612750,MIN,1626157,Towns,K. Towns,0,0,0,,0,,,0,h,Towns Bad Pass Turnover (P1.T1),Turnover,Bad Pass,1,0,33
0021701151,42,PT07M40.00S,1,1610612762,UTA,1628378,Mitchell,D. Mitchell,0,0,0,,0,,,0,v,Mitchell STEAL (1 STL),,,1,0,34
0021701151,45,PT07M37.00S,1,1610612762,UTA,202324,Favors,D. Favors,45,30,5,Made,1,13,9,22,v,Favors 5' Driving Finger Roll Layup (4 PTS) (Mitchell 1 AST),Made Shot,Driving Finger Roll Layup Shot,1,2,35
0021701151,47,PT07M37.00S,1,1610612750,MIN,1626157,Towns,K. Towns,0,0,0,,0,,,0,h,Towns S.FOUL (P1.T1) (R.Garretson),Foul,Shooting,1,0,36
0021701151,49,PT07M37.00S,1,1610612762,UTA,202324,Favors,D. Favors,0,0,0,,0,,,0,v,MISS Favors Free Throw 1 of 1,Free Throw,Free Throw 1 of 1,0,0,37
0021701151,50,PT07M37.00S,1,1610612750,MIN,201959,Gibson,T. Gibson,0,0,0,,0,,,0,h,Gibson REBOUND (Off:0 Def:1),Rebound,Unknown,1,0,38
0021701151,51,PT07M21.00S,1,1610612750,MIN,203952,Wiggins,A. Wiggins,-112,52,12,Missed,1,,,0,h,MISS Wiggins 12' Turnaround Jump Shot,Missed Shot,Turnaround Jump Shot,1,2,39
0021701151,52,PT07M17.00S,1,1610612762,UTA,1628378,Mitchell,D. Mitchell,0,0,0,,0,,,0,v,Mitchell REBOUND (Off:0 Def:1),Rebound,Unknown,1,0,40
0021701151,53,PT07M07.00S,1,1610612762,UTA,201937,Rubio,R. Rubio,-53,69,9,Made,1,13,11,24,v,Rubio 9' Jump Shot (4 PTS),Made Shot,Jump Shot,1,2,41
0021701151,54,PT06M46.00S,1,1610612750,MIN,202357,Bjelica,N. Bjelica,38,41,6,Missed,1,,,0,h,MISS Bjelica 6' Floating Jump Shot,Missed Shot,Floating Jump shot,1,2,42
0021701151,55,PT06M43.00S,1,1610612762,UTA,203497,Gobert,R. Gobert,0,0,0,,0,,,0,v,Gobert REBOUND (Off:0 Def:1),Rebound,Unknown,1,0,43
0021701151,56,PT06M37.00S,1,1610612762,UTA,1628378,Mitchell,D. Mitchell,-2,8,1,Missed,1,,,0,v,MISS Mitchell 1' Layup,Missed Shot,Layup Shot,1,2,44
0021701151,57,PT06M35.00S,1,1610612750,MIN,201959,Gibson,T. Gibson,0,0,0,,0,,,0,h,Gibson REBOUND (Off:0 Def:2),Rebound,Unknown,1,0,45
0021701151,58,PT06M24.00S,1,1610612750,MIN,203952,Wiggins,A. Wiggins,30,123,13,Made,1,15,11,26,h,Wiggins 13' Jump Shot (11 PTS),Made Shot,Jump Shot,1,2,46
0021701151,59,PT06M05.00S,1,1610612762,UTA,201937,Rubio,R. Rubio,-80,29,9,Missed,1,,,0,v,MISS Rubio 9' Jump Shot,Missed Shot,Jump Shot,1,2,47
0021701151,60,PT06M03.00S,1,1610612750,MIN,1626157,Towns,K. Towns,0,0,0,,0,,,0,h,Towns REBOUND (Off:0 Def:1),Rebound,Unknown,1,0,48
0021701151,61,PT05M45.00S,1,1610612750,MIN,201959,Gibson,T. Gibson,-9,12,2,Made,1,17,11,28,h,Gibson 2' Cutting Layup Shot (4 PTS) (Jones 1 AST),Made Shot,Cutting Layup Shot,1,2,49
0021701151,64,PT05M29.00S,1,1610612762,UTA,202324,Favors,D. Favors,0,21,2,Made,1,17,13,30,v,Favors 2' Cutting Layup Shot (6 PTS) (Rubio 2 AST),Made Shot,Cutting Layup Shot,1,2,50
0021701151,66,PT05M17.00S,1,1610612762,UTA,202324,Favors,D. Favors,0,0,0,,0,,,0,v,Favors P.FOUL (P1.T1) (S.Wall),Foul,Personal,1,0,51
0021701151,68,PT05M17.00S,1,1610612750,MIN,202357,Bjelica,N. Bjelica,0,0,0,,0,,,0,h,SUB: Crawford FOR Bjelica,Substitution,,0,0,52
0021701151,69,PT05M17.00S,1,1610612762,UTA,204060,Ingles,J. Ingles,0,0,0,,0,,,0,v,SUB: Crowder FOR Ingles,Substitution,,0,0,53
0021701151,70,PT05M17.00S,1,1610612762,UTA,202324,Favors,D. Favors,0,0,0,,0,,,0,v,SUB: O'Neale FOR Favors,Substitution,,0,0,54
0021701151,113,PT05M05.00S,1,1610612750,MIN,203952,Wiggins,A. Wiggins,-21,11,2,Missed,1,,,0,h,MISS Wiggins 2' Driving Layup,Missed Shot,Driving Layup Shot,1,2,55
0021701151,114,PT05M05.00S,1,1610612762,UTA,203497,Gobert,R. Gobert,0,0,0,,0,,,0,v,Gobert REBOUND (Off:0 Def:2),Rebound,Unknown,1,0,56
0021701151,76,PT04M59.00S,1,1610612762,UTA,1626220,O'Neale,R. O'Neale,208,143,25,Missed,1,,,0,v,MISS O'Neale 25' 3PT Jump Shot,Missed Shot,Jump Shot,1,3,57
0021701151,77,PT04M58.00S,1,0,,1610612762,,,0,0,0,,0,,,0,v,Jazz Rebound,Rebound,Unknown,0,0,58
0021701151,78,PT04M44.00S,1,1610612762,UTA,203109,Crowder,J. Crowder,-227,-1,0,Made,1,17,16,33,v,Crowder 3PT Jump Shot (3 PTS) (O'Neale 1 AST),Made Shot,Jump Shot,1,3,59
0021701151,80,PT04M36.00S,1,1610612762,UTA,203109,Crowder,J. Crowder,0,0,0,,0,,,0,v,Crowder P.FOUL (P1.T2) (R.Garretson),Foul,Personal,1,0,60
0021701151,82,PT04M36.00S,1,1610612750,MIN,1626157,Towns,K. Towns,0,0,0,,0,,,0,h,SUB: Dieng FOR Towns,Substitution,,0,0,61
0021701151,84,PT04M26.00S,1,1610612750,MIN,203476,Dieng,G. Dieng,5,188,19,Missed,1,,,0,h,MISS Dieng 19' Jump Shot,Missed Shot,Jump Shot,1,2,62
0021701151,85,PT04M26.00S,1,1610612762,UTA,203497,Gobert,R. Gobert,0,0,0,,0,,,0,v,Gobert REBOUND (Off:0 Def:3),Rebound,Unknown,1,0,63
0021701151,86,PT04M16.00S,1,1610612762,UTA,1628378,Mitchell,D. Mitchell,0,0,0,,0,,,0,v,Mitchell Offensive Charge Foul (P1.T3) (R.Garretson),Foul,Offensive Charge,1,0,64
0021701151,88,PT04M16.00S,1,1610612762,UTA,1628378,Mitchell,D. Mitchell,0,0,0,,0,,,0,v,Mitchell Offensive Foul Turnover (P1.T3),Turnover,Offensive Foul Turnover,1,0,65
0021701151,90,PT03M54.00S,1,1610612750,MIN,2037,Crawford,J. Crawford,138,246,28,Made,1,20,16,36,h,Crawford 28' 3PT Jump Shot (3 PTS),Made Shot,Jump Shot,1,3,66
0021701151,91,PT03M41.00S,1,1610612762,UTA,201937,Rubio,R. Rubio,11,156,16,Missed,1,,,0,v,MISS Rubio 16' Jump Shot,Missed Shot,Jump Shot,1,2,67
0021701151,92,PT03M38.00S,1,1610612750,MIN,203476,Dieng,G. Dieng,0,0,0,,0,,,0,h,Dieng REBOUND (Off:0 Def:1),Rebound,Unknown,1,0,68
0021701151,93,PT03M36.00S,1,1610612750,MIN,203476,Dieng,G. Dieng,0,0,0,,0,,,0,h,Dieng Lost Ball Turnover (P1.T2),Turnover,Lost Ball,1,0,69
0021701151,93,PT03M36.00S,1,1610612762,UTA,201937,Rubio,R. Rubio,0,0,0,,0,,,0,v,Rubio STEAL (1 STL),,,1,0,70
0021701151,95,PT03M32.00S,1,1610612762,UTA,1628378,Mitchell,D. Mitchell,68,239,25,Missed,1,,,0,v,MISS Mitchell 25' 3PT Jump Shot,Missed Shot,Jump Shot,1,3,71
0021701151,96,PT03M32.00S,1,1610612750,MIN,203952,Wiggins,A. Wiggins,0,0,0,,0,,,0,h,Wiggins REBOUND (Off:1 Def:2),Rebound,Unknown,1,0,72
0021701151,97,PT03M32.00S,1,1610612762,UTA,203109,Crowder,J. Crowder,0,0,0,,0,,,0,v,Crowder P.FOUL (P2.T4) (S.Wall),Foul,Personal,1,0,73
0021701151,99,PT03M32.00S,1,1610612762,UTA,201937,Rubio,R. Rubio,0,0,0,,0,,,0,v,SUB: Exum FOR Rubio,Substitution,,0,0,74
0021701151,160,PT03M17.00S,1,1610612750,MIN,203476,Dieng,G. Dieng,0,0,0,,0,,,0,h,Dieng Bad Pass Turnover (P2.T3),Turnover,Bad Pass,1,0,75
0021701151,160,PT03M17.00S,1,1610612762,UTA,203109,Crowder,J. Crowder,0,0,0,,0,,,0,v,Crowder STEAL (1 STL),,,1,0,76
0021701151,103,PT03M09.00S,1,1610612762,UTA,1626220,O'Neale,R. O'Neale,2,16,2,Made,1,20,18,38,v,O'Neale 2' Dunk (2 PTS) (Mitchell 2 AST),Made Shot,Dunk Shot,1,2,77
0021701151,104,PT02M51.00S,1,1610612750,MIN,203952,Wiggins,A. Wiggins,-78,173,19,Missed,1,,,0,h,MISS Wiggins 19' Jump Shot,Missed Shot,Jump Shot,1,2,78
0021701151,106,PT02M48.00S,1,1610612762,UTA,203957,Exum,D. Exum,0,0,0,,0,,,0,v,Exum REBOUND (Off:0 Def:1),Rebound,Unknown,1,0,79
0021701151,107,PT02M38.00S,1,1610612762,UTA,203957,Exum,D. Exum,-6,9,1,Made,1,20,20,40,v,Exum 1' Driving Floating Jump Shot (2 PTS),Made Shot,Driving Floating Jump Shot,1,2,80
0021701151,109,PT02M18.00S,1,1610612750,MIN,203952,Wiggins,A. Wiggins,10,7,1,Missed,1,,,0,h,MISS Wiggins 1' Driving Layup,Missed Shot,Driving Layup Shot,1,2,81
0021701151,109,PT02M18.00S,1,1610612762,UTA,203497,Gobert,R. Gobert,0,0,0,,0,,,0,v,Gobert BLOCK (1 BLK),,,1,2,82
0021701151,111,PT02M16.00S,1,1610612762,UTA,1626220,O'Neale,R. O'Neale,0,0,0,,0,,,0,v,O'Neale REBOUND (Off:0 Def:1),Rebound,Unknown,1,0,83
0021701151,112,PT02M14.00S,1,1610612762,UTA,1626220,O'Neale,R. O'Neale,0,0,0,,0,,,0,v,O'Neale Out of Bounds Lost Ball Turnover (P1.T4),Turnover,Out of Bounds Lost Ball Turnover,1,0,84
0021701151,115,PT02M14.00S,1,1610612762,UTA,203497,Gobert,R. Gobert,0,0,0,,0,,,0,v,SUB: Favors FOR Gobert,Substitution,,0,0,85
0021701151,117,PT02M00.00S,1,1610612750,MIN,2037,Crawford,J. Crawford,-20,265,27,Missed,1,,,0,h,MISS Crawford 27' 3PT Jump Shot,Missed Shot,Jump Shot,1,3,86
0021701151,118,PT01M57.00S,1,1610612762,UTA,203957,Exum,D. Exum,0,0,0,,0,,,0,v,Exum REBOUND (Off:0 Def:2),Rebound,Unknown,1,0,87
0021701151,119,PT01M51.00S,1,1610612762,UTA,203957,Exum,D. Exum,18,14,2,Missed,1,,,0,v,MISS Exum 2' Driving Layup,Missed Shot,Driving Layup Shot,1,2,88
0021701151,120,PT01M47.00S,1,1610612762,UTA,202324,Favors,D. Favors,0,0,0,,0,,,0,v,Favors REBOUND (Off:1 Def:0),Rebound,Unknown,1,0,89
0021701151,121,PT01M37.00S,1,1610612762,UTA,1628378,Mitchell,D. Mitchell,2,103,10,Made,1,20,22,42,v,Mitchell 10' Jump Shot (5 PTS) (Exum 1 AST),Made Shot,Jump Shot,1,2,90
0021701151,123,PT01M15.00S,1,1610612750,MIN,2037,Crawford,J. Crawford,-3,7,1,Made,1,22,22,44,h,Crawford 1' Driving Finger Roll Layup (5 PTS),Made Shot,Driving Finger Roll Layup Shot,1,2,91
0021701151,124,PT01M02.00S,1,1610612762,UTA,202324,Favors,D. Favors,13,24,3,Made,1,22,24,46,v,Favors 3' Dunk (8 PTS) (Exum 2 AST),Made Shot,Dunk Shot,1,2,92
0021701151,126,PT00M40.90S,1,1610612750,MIN,201959,Gibson,T. Gibson,-16,89,9,Made,1,24,24,48,h,Gibson 9' Turnaround Jump Shot (6 PTS) (Wiggins 2 AST),Made Shot,Turnaround Jump Shot,1,2,93
0021701151,128,PT00M32.00S,1,1610612762,UTA,203957,Exum,D. Exum,2,-11,1,Made,1,24,26,50,v,Exum 1' Layup (4 PTS),Made Shot,Layup Shot,1,2,94
0021701151,129,PT00M11.90S,1,1610612750,MIN,2037,Crawford,J. Crawford,-100,253,27,Missed,1,,,0,h,MISS Crawford 27' 3PT Jump Shot,Missed Shot,Jump Shot,1,3,95
0021701151,130,PT00M09.10S,1,1610612762,UTA,203957,Exum,D. Exum,0,0,0,,0,,,0,v,Exum REBOUND (Off:0 Def:3),Rebound,Unknown,1,0,96
0021701151,131,PT00M06.50S,1,1610612762,UTA,203109,Crowder,J. Crowder,8,6,1,Made,1,24,28,52,v,Crowder 1' Layup (5 PTS) (Exum 3 AST),Made Shot,Layup Shot,1,2,97
0021701151,133,PT00M04.40S,1,1610612762,UTA,203957,Exum,D. Exum,0,0,0,,0,,,0,v,Exum Personal Take Foul (P1.PN) (R.Garretson),Foul,Personal Take,1,0,98
0021701151,135,PT00M04.40S,1,1610612750,MIN,1626145,Jones,T. Jones,0,0,0,,0,,,0,h,SUB: Brooks FOR Jones,Substitution,,0,0,99
0021701151,137,PT00M00.20S,1,1610612750,MIN,201166,Brooks,A. Brooks,-11,2,1,Made,1,26,28,54,h,Brooks 1' Driving Layup (2 PTS),Made Shot,Driving Layup Shot,1,2,100
0021701151,138,PT00M00.00S,1,0,,137,Maxwell,V. Maxwell,0,0,0,,0,26,28,54,,Instant Replay1st Period (7:32 PM EST),Instant Replay,Support Ruling,0,0,101
0021701151,139,PT00M00.00S,1,0,,0,,,0,0,0,,0,26,28,54,,End of 1st Period (7:33 PM EST),period,end,1,0,102
0021701151,148,PT12M00.00S,2,0,,0,,,0,0,0,,0,26,28,54,,Start of 2nd Period (7:35 PM EST),period,start,0,0,103
0021701151,149,PT11M43.00S,2,1610612762,UTA,203109,Crowder,J. Crowder,-138,206,25,Missed,1,,,0,v,MISS Crowder 25' 3PT Jump Shot,Missed Shot,Jump Shot,1,3,104
0021701151,150,PT11M38.00S,2,1610612750,MIN,203476,Dieng,G. Dieng,0,0,0,,0,,,0,h,Dieng REBOUND (Off:0 Def:2),Rebound,Unknown,1,0,105
0021701151,151,PT11M23.00S,2,1610612750,MIN,201166,Brooks,A. Brooks,-13,11,2,Made,1,28,28,56,h,Brooks 2' Driving Layup (4 PTS),Made Shot,Driving Layup Shot,1,2,106
0021701151,152,PT11M06.00S,2,1610612762,UTA,201973,Jerebko,J. Jerebko,2,11,1,Made,1,28,30,58,v,Jerebko 1' Driving Layup (2 PTS) (Ingles 2 AST),Made Shot,Driving Layup Shot,1,2,107
0021701151,154,PT10M52.00S,2,1610612750,MIN,201166,Brooks,A. Brooks,-95,258,27,Missed,1,,,0,h,MISS Brooks 27' 3PT Pullup Jump Shot,Missed Shot,Pullup Jump shot,1,3,108
0021701151,155,PT10M50.00S,2,1610612762,UTA,203109,Crowder,J. Crowder,0,0,0,,0,,,0,v,Crowder REBOUND (Off:0 Def:1),Rebound,Unknown,1,0,109
0021701151,156,PT10M38.00S,2,1610612750,MIN,201166,Brooks,A. Brooks,0,0,0,,0,,,0,h,Brooks P.FOUL (P1.T1) (S.Wall),Foul,Personal,1,0,110
0021701151,158,PT10M32.00S,2,1610612762,UTA,204060,Ingles,J. Ingles,-48,252,26,Made,1,28,33,61,v,Ingles 26' 3PT Step Back Jump Shot (3 PTS),Made Shot,Step Back Jump shot,1,3,111
0021701151,159,PT10M13.00S,2,1610612750,MIN,1626157,Towns,K. Towns,-3,8,1,Made,1,30,33,63,h,Towns 1' Driving Layup (2 PTS) (Brooks 1 AST),Made Shot,Driving Layup Shot,1,2,112
0021701151,162,PT09M58.00S,2,1610612762,UTA,202324,Favors,D. Favors,3,150,15,Made,1,30,35,65,v,Favors 15' Jump Shot (10 PTS) (Ingles 3 AST),Made Shot,Jump Shot,1,2,113
0021701151,164,PT09M40.00S,2,1610612750,MIN,202357,Bjelica,N. Bjelica,0,0,0,,0,,,0,h,Bjelica Lost Ball Turnover (P1.T4),Turnover,Lost Ball,1,0,114
0021701151,164,PT09M40.00S,2,1610612762,UTA,203109,Crowder,J. Crowder,0,0,0,,0,,,0,v,Crowder STEAL (2 STL),,,1,0,115
0021701151,166,PT09M38.00S,2,1610612750,MIN,203476,Dieng,G. Dieng,0,0,0,,0,,,0,h,Dieng Personal Take Foul (P1.T2) (R.Garretson),Foul,Personal Take,1,0,116
0021701151,168,PT09M38.00S,2,1610612762,UTA,203109,Crowder,J. Crowder,0,0,0,,0,,,0,v,SUB: O'Neale FOR Crowder,Substitution,,0,0,117
0021701151,170,PT09M32.00S,2,1610612762,UTA,203957,Exum,D. Exum,-4,14,1,Made,1,30,37,67,v,Exum 1' Driving Layup (6 PTS),Made Shot,Driving Layup Shot,1,2,118
0021701151,171,PT09M20.00S,2,1610612750,MIN,1626157,Towns,K. Towns,-123,235,27,Missed,1,,,0,h,MISS Towns 27' 3PT Step Back Jump Shot,Missed Shot,Step Back Jump shot,1,3,119
0021701151,172,PT09M17.00S,2,1610612762,UTA,1626220,O'Neale,R. O'Neale,0,0,0,,0,,,0,v,O'Neale REBOUND (Off:0 Def:2),Rebound,Unknown,1,0,120
0021701151,173,PT09M04.00S,2,1610612762,UTA,201973,Jerebko,J. Jerebko,202,143,25,Missed,1,,,0,v,MISS Jerebko 25' 3PT Jump Shot,Missed Shot,Jump Shot,1,3,121
0021701151,174,PT09M00.00S,2,1610612750,MIN,202357,Bjelica,N. Bjelica,0,0,0,,0,,,0,h,Bjelica REBOUND (Off:1 Def:2),Rebound,Unknown,1,0,122
0021701151,175,PT08M53.00S,2,1610612750,MIN,2037,Crawford,J. Crawford,93,141,17,Missed,1,,,0,h,MISS Crawford 17' Jump Shot,Missed Shot,Jump Shot,1,2,123
0021701151,176,PT08M49.00S,2,1610612762,UTA,1626220,O'Neale,R. O'Neale,0,0,0,,0,,,0,v,O'Neale REBOUND (Off:0 Def:3),Rebound,Unknown,1,0,124
0021701151,177,PT08M35.00S,2,1610612762,UTA,201973,Jerebko,J. Jerebko,-190,72,20,Made,1,30,39,69,v,Jerebko 20' Jump Shot (4 PTS) (Ingles 4 AST),Made Shot,Jump Shot,1,2,125
0021701151,179,PT08M09.00S,2,1610612750,MIN,201166,Brooks,A. Brooks,-158,222,27,Missed,1,,,0,h,MISS Brooks 27' 3PT Jump Shot,Missed Shot,Jump Shot,1,3,126
0021701151,180,PT08M03.00S,2,1610612762,UTA,201973,Jerebko,J. Jerebko,0,0,0,,0,,,0,v,Jerebko REBOUND (Off:0 Def:1),Rebound,Unknown,1,0,127
0021701151,181,PT07M55.00S,2,1610612762,UTA,201973,Jerebko,J. Jerebko,7,6,1,Made,1,30,41,71,v,Jerebko 1' Driving Layup (6 PTS) (Ingles 5 AST),Made Shot,Driving Layup Shot,1,2,128
0021701151,182,PT07M55.00S,2,0,,1610612750,,,0,0,0,,0,,,0,h,TIMBERWOLVES Timeout: Regular (Full 2 Short 0),Timeout,Regular,0,0,129
0021701151,183,PT07M55.00S,2,1610612750,MIN,203476,Dieng,G. Dieng,0,0,0,,0,,,0,h,SUB: Jones FOR Dieng,Substitution,,0,0,130
0021701151,184,PT07M55.00S,2,1610612750,MIN,202357,Bjelica,N. Bjelica,0,0,0,,0,,,0,h,SUB: Gibson FOR Bjelica,Substitution,,0,0,131
0021701151,185,PT07M55.00S,2,1610612750,MIN,201166,Brooks,A. Brooks,0,0,0,,0,,,0,h,SUB: Wiggins FOR Brooks,Substitution,,0,0,132
0021701151,186,PT07M55.00S,2,1610612762,UTA,202324,Favors,D. Favors,0,0,0,,0,,,0,v,SUB: Gobert FOR Favors,Substitution,,0,0,133
0021701151,191,PT07M38.00S,2,1610612750,MIN,1626157,Towns,K. Towns,0,73,7,Made,1,32,41,73,h,Towns 7' Hook Shot (4 PTS),Made Shot,Hook Shot,1,2,134
0021701151,193,PT07M21.00S,2,1610612762,UTA,203957,Exum,D. Exum,-59,45,7,Made,1,32,43,75,v,Exum 7' Driving Floating Bank Jump Shot (8 PTS),Made Shot,Driving Floating Bank Jump Shot,1,2,135
0021701151,194,PT07M06.00S,2,1610612750,MIN,1626157,Towns,K. Towns,-2,20,2,Made,1,34,43,77,h,Towns 2' Driving Layup (6 PTS) (Jones 2 AST),Made Shot,Driving Layup Shot,1,2,136
0021701151,196,PT07M06.00S,2,1610612762,UTA,201973,Jerebko,J. Jerebko,0,0,0,,0,,,0,v,Jerebko Shooting Block Foul (P1.T1) (R.Garretson),Foul,Shooting Block,1,0,137
0021701151,198,PT07M06.00S,2,1610612750,MIN,1626157,Towns,K. Towns,0,0,0,,0,35,43,78,h,Towns Free Throw 1 of 1 (7 PTS),Free Throw,Free Throw 1 of 1,0,0,138
0021701151,199,PT06M53.00S,2,1610612762,UTA,201973,Jerebko,J. Jerebko,-4,21,2,Made,1,35,45,80,v,Jerebko 2' Layup (8 PTS) (Gobert 1 AST),Made Shot,Layup Shot,1,2,139
0021701151,201,PT06M38.00S,2,1610612750,MIN,203952,Wiggins,A. Wiggins,-2,5,1,Made,1,37,45,82,h,Wiggins 1' Cutting Dunk Shot (13 PTS) (Towns 2 AST),Made Shot,Cutting Dunk Shot,1,2,140
0021701151,203,PT06M36.00S,2,0,,1610612762,,,0,0,0,,0,,,0,v,Jazz Timeout: Regular (Reg.2 Short 0),Timeout,Regular,0,0,141
0021701151,205,PT06M36.00S,2,1610612762,UTA,204060,Ingles,J. Ingles,0,0,0,,0,,,0,v,SUB: Rubio FOR Ingles,Substitution,,0,0,142
0021701151,206,PT06M36.00S,2,1610612762,UTA,201973,Jerebko,J. Jerebko,0,0,0,,0,,,0,v,SUB: Mitchell FOR Jerebko,Substitution,,0,0,143
0021701151,207,PT06M36.00S,2,1610612762,UTA,203957,Exum,D. Exum,0,0,0,,0,,,0,v,SUB: Crowder FOR Exum,Substitution,,0,0,144
0021701151,211,PT06M23.00S,2,1610612762,UTA,201937,Rubio,R. Rubio,-135,214,25,Made,1,37,48,85,v,Rubio 25' 3PT Jump Shot (7 PTS) (Mitchell 3 AST),Made Shot,Jump Shot,1,3,145
0021701151,213,PT06M06.00S,2,1610612750,MIN,1626145,Jones,T. Jones,0,0,0,,0,,,0,h,Jones Bad Pass Turnover (P1.T5),Turnover,Bad Pass,1,0,146
0021701151,213,PT06M06.00S,2,1610612762,UTA,1628378,Mitchell,D. Mitchell,0,0,0,,0,,,0,v,Mitchell STEAL (2 STL),,,1,0,147
0021701151,215,PT05M53.00S,2,1610612762,UTA,203109,Crowder,J. Crowder,-226,-13,0,Missed,1,,,0,v,MISS Crowder 3PT Jump Shot,Missed Shot,Jump Shot,1,3,148
0021701151,216,PT05M51.00S,2,1610612750,MIN,1626157,Towns,K. Towns,0,0,0,,0,,,0,h,Towns REBOUND (Off:0 Def:2),Rebound,Unknown,1,0,149
0021701151,217,PT05M51.00S,2,1610612750,MIN,1626157,Towns,K. Towns,0,0,0,,0,,,0,h,Towns Out of Bounds - Bad Pass Turnover Turnover (P2.T6),Turnover,Out of Bounds - Bad Pass Turnover,1,0,150
0021701151,218,PT05M39.00S,2,1610612762,UTA,203109,Crowder,J. Crowder,23,29,4,Missed,1,,,0,v,MISS Crowder 4' Reverse Layup,Missed Shot,Reverse Layup Shot,1,2,151
0021701151,219,PT05M36.00S,2,1610612762,UTA,203497,Gobert,R. Gobert,0,0,0,,0,,,0,v,Gobert REBOUND (Off:1 Def:3),Rebound,Unknown,1,0,152
0021701151,220,PT05M35.00S,2,1610612762,UTA,203497,Gobert,R. Gobert,-8,0,1,Made,1,37,50,87,v,Gobert 1' Putback Dunk (2 PTS),Made Shot,Putback Dunk Shot,1,2,153
0021701151,221,PT05M11.00S,2,1610612750,MIN,203952,Wiggins,A. Wiggins,46,199,20,Missed,1,,,0,h,MISS Wiggins 20' Step Back Jump Shot,Missed Shot,Step Back Jump shot,1,2,154
0021701151,222,PT05M10.00S,2,0,,1610612750,,,0,0,0,,0,,,0,h,TIMBERWOLVES Rebound,Rebound,Unknown,0,0,155
0021701151,223,PT05M10.00S,2,1610612762,UTA,1626220,O'Neale,R. O'Neale,0,0,0,,0,,,0,v,O'Neale L.B.FOUL (P1.T2) (T.Washington),Foul,Loose Ball,1,0,156
0021701151,225,PT05M00.00S,2,1610612750,MIN,1626145,Jones,T. Jones,-2,1,0,Made,1,39,50,89,h,Jones Driving Layup (4 PTS),Made Shot,Driving Layup Shot,1,2,157
0021701151,226,PT05M00.00S,2,1610612762,UTA,201937,Rubio,R. Rubio,0,0,0,,0,,,0,v,Rubio S.FOUL (P1.T3) (S.Wall),Foul,Shooting,1,0,158
0021701151,228,PT05M00.00S,2,1610612762,UTA,1626220,O'Neale,R. O'Neale,0,0,0,,0,,,0,v,SUB: Favors FOR O'Neale,Substitution,,0,0,159
0021701151,230,PT05M00.00S,2,1610612750,MIN,1626145,Jones,T. Jones,0,0,0,,0,40,50,90,h,Jones Free Throw 1 of 1 (5 PTS),Free Throw,Free Throw 1 of 1,0,0,160
0021701151,231,PT04M51.00S,2,1610612762,UTA,1628378,Mitchell,D. Mitchell,8,263,26,Missed,1,,,0,v,MISS Mitchell 26' 3PT Jump Shot,Missed Shot,Jump Shot,1,3,161
0021701151,232,PT04M49.00S,2,1610612750,MIN,2037,Crawford,J. Crawford,0,0,0,,0,,,0,h,Crawford REBOUND (Off:0 Def:1),Rebound,Unknown,1,0,162
0021701151,233,PT04M43.00S,2,1610612750,MIN,2037,Crawford,J. Crawford,96,86,13,Made,1,42,50,92,h,Crawford 13' Pullup Jump Shot (7 PTS),Made Shot,Pullup Jump shot,1,2,163
0021701151,234,PT04M28.00S,2,1610612762,UTA,201937,Rubio,R. Rubio,96,132,16,Missed,1,,,0,v,MISS Rubio 16' Pullup Jump Shot,Missed Shot,Pullup Jump shot,1,2,164
0021701151,235,PT04M26.00S,2,1610612750,MIN,1626157,Towns,K. Towns,0,0,0,,0,,,0,h,Towns REBOUND (Off:0 Def:3),Rebound,Unknown,1,0,165
0021701151,236,PT04M21.00S,2,1610612750,MIN,201959,Gibson,T. Gibson,37,34,5,Missed,1,,,0,h,MISS Gibson 5' Layup,Missed Shot,Layup Shot,1,2,166
0021701151,237,PT04M20.00S,2,1610612750,MIN,1626157,Towns,K. Towns,0,0,0,,0,,,0,h,Towns REBOUND (Off:1 Def:3),Rebound,Unknown,1,0,167
0021701151,238,PT04M19.00S,2,1610612762,UTA,201937,Rubio,R. Rubio,0,0,0,,0,,,0,v,Rubio S.FOUL (P2.T4) (R.Garretson),Foul,Shooting,1,0,168
0021701151,240,PT04M19.00S,2,1610612750,MIN,1626157,Towns,K. Towns,0,0,0,,0,43,50,93,h,Towns Free Throw 1 of 2 (8 PTS),Free Throw,Free Throw 1 of 2,0,0,169
0021701151,241,PT04M19.00S,2,1610612750,MIN,1626157,Towns,K. Towns,0,0,0,,0,44,50,94,h,Towns Free Throw 2 of 2 (9 PTS),Free Throw,Free Throw 2 of 2,0,0,170
0021701151,242,PT04M09.00S,2,1610612762,UTA,1628378,Mitchell,D. Mitchell,0,0,0,,0,,,0,v,Mitchell Traveling Turnover (P2.T5),Turnover,Traveling,1,0,171
0021701151,243,PT03M53.00S,2,1610612750,MIN,203952,Wiggins,A. Wiggins,-110,252,27,Missed,1,,,0,h,MISS Wiggins 27' 3PT Jump Shot,Missed Shot,Jump Shot,1,3,172
0021701151,244,PT03M51.00S,2,1610612762,UTA,201937,Rubio,R. Rubio,0,0,0,,0,,,0,v,Rubio REBOUND (Off:0 Def:3),Rebound,Unknown,1,0,173
0021701151,245,PT03M45.00S,2,1610612750,MIN,201959,Gibson,T. Gibson,0,0,0,,0,,,0,h,Gibson S.FOUL (P1.T3) (S.Wall),Foul,Shooting,1,0,174
0021701151,247,PT03M45.00S,2,1610612762,UTA,203497,Gobert,R. Gobert,0,0,0,,0,,,0,v,MISS Gobert Free Throw 1 of 2,Free Throw,Free Throw 1 of 2,0,0,175
0021701151,248,PT03M45.00S,2,0,,1610612762,,,0,0,0,,0,,,0,v,Jazz Rebound,Rebound,Normal Rebound,0,0,176
0021701151,249,PT03M45.00S,2,1610612762,UTA,203109,Crowder,J. Crowder,0,0,0,,0,,,0,v,SUB: Ingles FOR Crowder,Substitution,,0,0,177
0021701151,251,PT03M45.00S,2,1610612762,UTA,203497,Gobert,R. Gobert,0,0,0,,0,,,0,v,MISS Gobert Free Throw 2 of 2,Free Throw,Free Throw 2 of 2,0,0,178
0021701151,252,PT03M43.00S,2,1610612750,MIN,201959,Gibson,T. Gibson,0,0,0,,0,,,0,h,Gibson REBOUND (Off:0 Def:3),Rebound,Unknown,1,0,179
0021701151,253,PT03M34.00S,2,1610612750,MIN,1626157,Towns,K. Towns,156,201,25,Missed,1,,,0,h,MISS Towns 25' 3PT Jump Shot,Missed Shot,Jump Shot,1,3,180
0021701151,254,PT03M31.00S,2,1610612762,UTA,203497,Gobert,R. Gobert,0,0,0,,0,,,0,v,Gobert REBOUND (Off:1 Def:4),Rebound,Unknown,1,0,181
0021701151,255,PT03M20.00S,2,1610612762,UTA,201937,Rubio,R. Rubio,-220,31,0,Made,1,44,53,97,v,Rubio 3PT Jump Shot (10 PTS) (Ingles 6 AST),Made Shot,Jump Shot,1,3,182
0021701151,257,PT02M57.00S,2,1610612750,MIN,201959,Gibson,T. Gibson,-20,117,12,Missed,1,,,0,h,MISS Gibson 12' Running Jump Shot,Missed Shot,Running Jump Shot,1,2,183
0021701151,258,PT02M53.00S,2,1610612762,UTA,203497,Gobert,R. Gobert,0,0,0,,0,,,0,v,Gobert REBOUND (Off:1 Def:5),Rebound,Unknown,1,0,184
0021701151,259,PT02M50.00S,2,1610612762,UTA,203497,Gobert,R. Gobert,0,0,0,,0,,,0,v,Gobert Bad Pass Turnover (P3.T6),Turnover,Bad Pass,1,0,185
0021701151,259,PT02M50.00S,2,1610612750,MIN,203952,Wiggins,A. Wiggins,0,0,0,,0,,,0,h,Wiggins STEAL (2 STL),,,1,0,186
0021701151,261,PT02M43.00S,2,1610612750,MIN,1626157,Towns,K. Towns,-6,-3,1,Made,1,46,53,99,h,Towns 1' Layup (11 PTS) (Jones 3 AST),Made Shot,Layup Shot,1,2,187
0021701151,263,PT02M19.00S,2,1610612762,UTA,204060,Ingles,J. Ingles,226,79,24,Missed,1,,,0,v,MISS Ingles 24' 3PT Jump Shot,Missed Shot,Jump Shot,1,3,188
0021701151,264,PT02M16.00S,2,1610612762,UTA,202324,Favors,D. Favors,0,0,0,,0,,,0,v,Favors REBOUND (Off:2 Def:0),Rebound,Unknown,1,0,189
0021701151,265,PT02M14.00S,2,1610612762,UTA,201937,Rubio,R. Rubio,-134,213,25,Made,1,46,56,102,v,Rubio 25' 3PT Jump Shot (13 PTS) (Favors 1 AST),Made Shot,Jump Shot,1,3,190
0021701151,267,PT01M59.00S,2,1610612750,MIN,203952,Wiggins,A. Wiggins,-2,4,0,Made,1,48,56,104,h,Wiggins Driving Layup (15 PTS),Made Shot,Driving Layup Shot,1,2,191
0021701151,268,PT01M59.00S,2,1610612762,UTA,203497,Gobert,R. Gobert,0,0,0,,0,,,0,v,Gobert S.FOUL (P1.PN) (R.Garretson),Foul,Shooting,1,0,192
0021701151,270,PT01M59.00S,2,1610612750,MIN,203952,Wiggins,A. Wiggins,0,0,0,,0,,,0,h,MISS Wiggins Free Throw 1 of 1,Free Throw,Free Throw 1 of 1,0,0,193
0021701151,271,PT01M59.00S,2,1610612762,UTA,203497,Gobert,R. Gobert,0,0,0,,0,,,0,v,Gobert REBOUND (Off:1 Def:6),Rebound,Unknown,1,0,194
0021701151,272,PT01M43.00S,2,1610612762,UTA,1628378,Mitchell,D. Mitchell,0,0,0,,0,,,0,v,Mitchell Traveling Turnover (P3.T7),Turnover,Traveling,1,0,195
0021701151,273,PT01M30.00S,2,1610612750,MIN,203952,Wiggins,A. Wiggins,19,70,7,Made,1,50,56,106,h,Wiggins 7' Turnaround Jump Shot (17 PTS),Made Shot,Turnaround Jump Shot,1,2,196
0021701151,274,PT01M12.00S,2,1610612762,UTA,1628378,Mitchell,D. Mitchell,0,0,0,,0,,,0,v,Mitchell Bad Pass Turnover (P4.T8),Turnover,Bad Pass,1,0,197
0021701151,274,PT01M12.00S,2,1610612750,MIN,1626145,Jones,T. Jones,0,0,0,,0,,,0,h,Jones STEAL (2 STL),,,1,0,198
0021701151,276,PT01M11.00S,2,1610612750,MIN,1626145,Jones,T. Jones,-6,-6,1,Missed,1,,,0,h,MISS Jones 1' Driving Dunk,Missed Shot,Driving Dunk Shot,1,2,199
0021701151,277,PT01M10.00S,2,0,,1610612762,,,0,0,0,,0,,,0,v,Jazz Rebound,Rebound,Unknown,0,0,200
0021701151,278,PT00M52.60S,2,1610612762,UTA,1628378,Mitchell,D. Mitchell,-53,77,9,Made,1,50,58,108,v,Mitchell 9' Turnaround Jump Shot (7 PTS),Made Shot,Turnaround Jump Shot,1,2,201
0021701151,279,PT00M42.10S,2,1610612750,MIN,2037,Crawford,J. Crawford,46,186,19,Missed,1,,,0,h,MISS Crawford 19' Pullup Jump Shot,Missed Shot,Pullup Jump shot,1,2,202
0021701151,280,PT00M39.20S,2,1610612762,UTA,202324,Favors,D. Favors,0,0,0,,0,,,0,v,Favors REBOUND (Off:2 Def:1),Rebound,Unknown,1,0,203
0021701151,281,PT00M33.50S,2,1610612762,UTA,201937,Rubio,R. Rubio,112,247,27,Made,1,50,61,111,v,Rubio 27' 3PT Pullup Jump Shot (16 PTS) (Ingles 7 AST),Made Shot,Pullup Jump shot,1,3,204
0021701151,290,PT00M25.00S,2,1610612750,MIN,1626145,Jones,T. Jones,-12,5,1,Missed,1,,,0,h,MISS Jones 1' Driving Layup,Missed Shot,Driving Layup Shot,1,2,205
0021701151,290,PT00M25.00S,2,1610612762,UTA,201937,Rubio,R. Rubio,0,0,0,,0,,,0,v,Rubio BLOCK (1 BLK),,,1,2,206
0021701151,292,PT00M23.90S,2,0,,1610612750,,,0,0,0,,0,,,0,h,TIMBERWOLVES Rebound,Rebound,Unknown,0,0,207
0021701151,285,PT00M12.00S,2,1610612750,MIN,1626145,Jones,T. Jones,6,34,3,Missed,1,,,0,h,MISS Jones 3' Finger Roll Layup,Missed Shot,Finger Roll Layup Shot,1,2,208
0021701151,286,PT00M09.70S,2,1610612762,UTA,203497,Gobert,R. Gobert,0,0,0,,0,,,0,v,Gobert REBOUND (Off:1 Def:7),Rebound,Unknown,1,0,209
0021701151,287,PT00M01.80S,2,1610612762,UTA,1628378,Mitchell,D. Mitchell,14,129,13,Missed,1,,,0,v,MISS Mitchell 13' Jump Shot,Missed Shot,Jump Shot,1,2,210
0021701151,288,PT00M01.80S,2,1610612750,MIN,201959,Gibson,T. Gibson,0,0,0,,0,,,0,h,Gibson REBOUND (Off:0 Def:4),Rebound,Unknown,1,0,211
0021701151,289,PT00M00.00S,2,0,,0,,,0,0,0,,0,50,61,111,,End of 2nd Period (8:00 PM EST),period,end,1,0,212
0021701151,295,PT12M00.00S,3,0,,0,,,0,0,0,,0,50,61,111,,Start of 3rd Period (8:15 PM EST),period,start,0,0,213
0021701151,296,PT11M46.00S,3,1610612762,UTA,1628378,Mitchell,D. Mitchell,36,63,7,Made,1,50,63,113,v,Mitchell 7' Floating Jump Shot (9 PTS) (Rubio 3 AST),Made Shot,Floating Jump shot,1,2,214
0021701151,298,PT11M24.00S,3,1610612750,MIN,1626145,Jones,T. Jones,-222,-11,0,Made,1,53,63,116,h,Jones 3PT Jump Shot (8 PTS) (Wiggins 3 AST),Made Shot,Jump Shot,1,3,215
0021701151,300,PT11M11.00S,3,1610612762,UTA,1628378,Mitchell,D. Mitchell,3,16,2,Made,1,53,65,118,v,Mitchell 2' Driving Layup (11 PTS) (Favors 2 AST),Made Shot,Driving Layup Shot,1,2,216
0021701151,302,PT10M47.00S,3,1610612750,MIN,1626145,Jones,T. Jones,120,253,28,Missed,1,,,0,h,MISS Jones 28' 3PT Jump Shot,Missed Shot,Jump Shot,1,3,217
0021701151,303,PT10M45.00S,3,1610612762,UTA,204060,Ingles,J. Ingles,0,0,0,,0,,,0,v,Ingles REBOUND (Off:0 Def:1),Rebound,Unknown,1,0,218
0021701151,304,PT10M37.00S,3,1610612762,UTA,201937,Rubio,R. Rubio,-20,11,2,Made,1,53,67,120,v,Rubio 2' Reverse Layup (18 PTS),Made Shot,Reverse Layup Shot,1,2,219
0021701151,305,PT10M15.00S,3,1610612750,MIN,202357,Bjelica,N. Bjelica,126,66,14,Missed,1,,,0,h,MISS Bjelica 14' Driving Floating Jump Shot,Missed Shot,Driving Floating Jump Shot,1,2,220
0021701151,306,PT10M12.00S,3,1610612750,MIN,201959,Gibson,T. Gibson,0,0,0,,0,,,0,h,Gibson REBOUND (Off:1 Def:4),Rebound,Unknown,1,0,221
0021701151,307,PT10M00.00S,3,1610612750,MIN,203952,Wiggins,A. Wiggins,18,169,17,Missed,1,,,0,h,MISS Wiggins 17' Jump Shot,Missed Shot,Jump Shot,1,2,222
0021701151,308,PT09M58.00S,3,1610612762,UTA,201937,Rubio,R. Rubio,0,0,0,,0,,,0,v,Rubio REBOUND (Off:0 Def:4),Rebound,Unknown,1,0,223
0021701151,309,PT09M53.00S,3,1610612750,MIN,201959,Gibson,T. Gibson,0,0,0,,0,,,0,h,Gibson S.FOUL (P2.T1) (R.Garretson),Foul,Shooting,1,0,224
0021701151,311,PT09M53.00S,3,1610612762,UTA,203497,Gobert,R. Gobert,0,0,0,,0,53,68,121,v,Gobert Free Throw 1 of 2 (3 PTS),Free Throw,Free Throw 1 of 2,0,0,225
0021701151,312,PT09M53.00S,3,1610612762,UTA,203497,Gobert,R. Gobert,0,0,0,,0,53,69,122,v,Gobert Free Throw 2 of 2 (4 PTS),Free Throw,Free Throw 2 of 2,0,0,226
0021701151,313,PT09M36.00S,3,1610612750,MIN,1626157,Towns,K. Towns,101,40,11,Made,1,55,69,124,h,Towns 11' Turnaround Jump Shot (13 PTS) (Bjelica 1 AST),Made Shot,Turnaround Jump Shot,1,2,227
0021701151,315,PT09M15.00S,3,1610612762,UTA,1628378,Mitchell,D. Mitchell,-51,65,8,Made,1,55,71,126,v,Mitchell 8' Floating Jump Shot (13 PTS),Made Shot,Floating Jump shot,1,2,228
0021701151,316,PT09M00.00S,3,1610612750,MIN,201959,Gibson,T. Gibson,-42,57,7,Missed,1,,,0,h,MISS Gibson 7' Turnaround Jump Shot,Missed Shot,Turnaround Jump Shot,1,2,229
0021701151,316,PT09M00.00S,3,1610612762,UTA,203497,Gobert,R. Gobert,0,0,0,,0,,,0,v,Gobert BLOCK (2 BLK),,,1,2,230
0021701151,318,PT08M58.00S,3,1610612762,UTA,203497,Gobert,R. Gobert,0,0,0,,0,,,0,v,Gobert REBOUND (Off:1 Def:8),Rebound,Unknown,1,0,231
0021701151,319,PT08M42.00S,3,1610612762,UTA,202324,Favors,D. Favors,-230,6,0,Missed,1,,,0,v,MISS Favors 3PT Jump Shot,Missed Shot,Jump Shot,1,3,232
0021701151,320,PT08M38.00S,3,1610612750,MIN,203952,Wiggins,A. Wiggins,0,0,0,,0,,,0,h,Wiggins REBOUND (Off:1 Def:3),Rebound,Unknown,1,0,233
0021701151,321,PT08M32.00S,3,1610612750,MIN,203952,Wiggins,A. Wiggins,-6,77,8,Missed,1,,,0,h,MISS Wiggins 8' Running Jump Shot,Missed Shot,Running Jump Shot,1,2,234
0021701151,321,PT08M32.00S,3,1610612762,UTA,202324,Favors,D. Favors,0,0,0,,0,,,0,v,Favors BLOCK (2 BLK),,,1,2,235
0021701151,323,PT08M31.00S,3,0,,1610612750,,,0,0,0,,0,,,0,h,TIMBERWOLVES Rebound,Rebound,Unknown,0,0,236
0021701151,324,PT08M18.00S,3,0,,1610612750,,,0,0,0,,0,,,0,h,TIMBERWOLVES Timeout: Regular (Full 3 Short 0),Timeout,Regular,0,0,237
0021701151,325,PT08M15.00S,3,1610612750,MIN,202357,Bjelica,N. Bjelica,-131,220,26,Missed,1,,,0,h,MISS Bjelica 26' 3PT Jump Shot,Missed Shot,Jump Shot,1,3,238
0021701151,326,PT08M12.00S,3,1610612762,UTA,204060,Ingles,J. Ingles,0,0,0,,0,,,0,v,Ingles REBOUND (Off:0 Def:2),Rebound,Unknown,1,0,239
0021701151,327,PT08M03.00S,3,1610612762,UTA,201937,Rubio,R. Rubio,-186,160,25,Missed,1,,,0,v,MISS Rubio 25' 3PT Jump Shot,Missed Shot,Jump Shot,1,3,240
0021701151,328,PT07M59.00S,3,1610612750,MIN,202357,Bjelica,N. Bjelica,0,0,0,,0,,,0,h,Bjelica REBOUND (Off:1 Def:3),Rebound,Unknown,1,0,241
0021701151,329,PT07M53.00S,3,1610612750,MIN,1626145,Jones,T. Jones,1,66,7,Missed,1,,,0,h,MISS Jones 7' Running Layup,Missed Shot,Running Layup Shot,1,2,242
0021701151,330,PT07M52.00S,3,0,,1610612762,,,0,0,0,,0,,,0,v,Jazz Rebound,Rebound,Unknown,0,0,243
0021701151,331,PT07M41.00S,3,1610612762,UTA,201937,Rubio,R. Rubio,0,0,0,,0,,,0,v,Rubio Bad Pass Turnover (P1.T9),Turnover,Bad Pass,1,0,244
0021701151,331,PT07M41.00S,3,1610612750,MIN,1626145,Jones,T. Jones,0,0,0,,0,,,0,h,Jones STEAL (3 STL),,,1,0,245
0021701151,333,PT07M37.00S,3,1610612750,MIN,1626145,Jones,T. Jones,-3,5,1,Made,1,57,71,128,h,Jones 1' Layup (10 PTS),Made Shot,Layup Shot,1,2,246
0021701151,334,PT07M20.00S,3,1610612762,UTA,1628378,Mitchell,D. Mitchell,-87,133,16,Made,1,57,73,130,v,Mitchell 16' Fadeaway Jumper (15 PTS),Made Shot,Fadeaway Jump Shot,1,2,247
0021701151,335,PT07M05.00S,3,1610612750,MIN,201959,Gibson,T. Gibson,-147,94,17,Missed,1,,,0,h,MISS Gibson 17' Jump Shot,Missed Shot,Jump Shot,1,2,248
0021701151,336,PT07M02.00S,3,1610612762,UTA,204060,Ingles,J. Ingles,0,0,0,,0,,,0,v,Ingles REBOUND (Off:0 Def:3),Rebound,Unknown,1,0,249
0021701151,338,PT06M46.00S,3,1610612762,UTA,204060,Ingles,J. Ingles,10,254,25,Missed,1,,,0,v,MISS Ingles 25' 3PT Jump Shot,Missed Shot,Jump Shot,1,3,250
0021701151,339,PT06M44.00S,3,1610612750,MIN,1626157,Towns,K. Towns,0,0,0,,0,,,0,h,Towns REBOUND (Off:1 Def:4),Rebound,Unknown,1,0,251
0021701151,340,PT06M26.00S,3,1610612750,MIN,203952,Wiggins,A. Wiggins,126,61,14,Missed,1,,,0,h,MISS Wiggins 14' Turnaround Jump Shot,Missed Shot,Turnaround Jump Shot,1,2,252
0021701151,341,PT06M22.00S,3,1610612762,UTA,204060,Ingles,J. Ingles,0,0,0,,0,,,0,v,Ingles REBOUND (Off:0 Def:4),Rebound,Unknown,1,0,253
0021701151,342,PT06M07.00S,3,1610612762,UTA,201937,Rubio,R. Rubio,225,-19,0,Made,1,57,76,133,v,Rubio 3PT Jump Shot (21 PTS) (Ingles 8 AST),Made Shot,Jump Shot,1,3,254
0021701151,344,PT05M59.00S,3,0,,1610612750,,,0,0,0,,0,,,0,h,TIMBERWOLVES Timeout: Regular (Full 4 Short 0),Timeout,Regular,0,0,255
0021701151,345,PT05M59.00S,3,1610612762,UTA,203497,Gobert,R. Gobert,0,0,0,,0,,,0,v,SUB: Crowder FOR Gobert,Substitution,,0,0,256
0021701151,347,PT05M45.00S,3,1610612750,MIN,1626145,Jones,T. Jones,1,5,1,Made,1,59,76,135,h,Jones 1' Driving Finger Roll Layup (12 PTS),Made Shot,Driving Finger Roll Layup Shot,1,2,257
0021701151,348,PT05M32.00S,3,1610612762,UTA,202324,Favors,D. Favors,19,170,17,Missed,1,,,0,v,MISS Favors 17' Jump Shot,Missed Shot,Jump Shot,1,2,258
0021701151,349,PT05M30.00S,3,1610612762,UTA,201937,Rubio,R. Rubio,0,0,0,,0,,,0,v,Rubio REBOUND (Off:1 Def:4),Rebound,Unknown,1,0,259
0021701151,350,PT05M27.00S,3,1610612750,MIN,202357,Bjelica,N. Bjelica,0,0,0,,0,,,0,h,Bjelica P.FOUL (P1.T2) (S.Wall),Foul,Personal,1,0,260
0021701151,352,PT05M23.00S,3,1610612762,UTA,203109,Crowder,J. Crowder,-94,162,19,Made,1,59,78,137,v,Crowder 19' Jump Shot (7 PTS) (Ingles 9 AST),Made Shot,Jump Shot,1,2,261
0021701151,354,PT05M08.00S,3,1610612750,MIN,1626145,Jones,T. Jones,-222,43,0,Made,1,62,78,140,h,Jones 3PT Jump Shot (15 PTS) (Wiggins 4 AST),Made Shot,Jump Shot,1,3,262
0021701151,356,PT05M00.00S,3,1610612750,MIN,202357,Bjelica,N. Bjelica,0,0,0,,0,,,0,h,Bjelica P.FOUL (P2.T3) (R.Garretson),Foul,Personal,1,0,263
0021701151,358,PT05M00.00S,3,1610612750,MIN,202357,Bjelica,N. Bjelica,0,0,0,,0,,,0,h,SUB: Crawford FOR Bjelica,Substitution,,0,0,264
0021701151,362,PT05M00.00S,3,1610612762,UTA,204060,Ingles,J. Ingles,0,0,0,,0,,,0,v,SUB: O'Neale FOR Ingles,Substitution,,0,0,265
0021701151,360,PT04M52.00S,3,1610612750,MIN,2037,Crawford,J. Crawford,0,0,0,,0,,,0,h,Crawford S.FOUL (P1.T4) (T.Washington),Foul,Shooting,1,0,266
0021701151,364,PT04M52.00S,3,1610612762,UTA,202324,Favors,D. Favors,0,0,0,,0,,,0,v,MISS Favors Free Throw 1 of 2,Free Throw,Free Throw 1 of 2,0,0,267
0021701151,365,PT04M52.00S,3,0,,1610612762,,,0,0,0,,0,,,0,v,Jazz Rebound,Rebound,Normal Rebound,0,0,268
0021701151,366,PT04M52.00S,3,1610612762,UTA,202324,Favors,D. Favors,0,0,0,,0,62,79,141,v,Favors Free Throw 2 of 2 (11 PTS),Free Throw,Free Throw 2 of 2,0,0,269
0021701151,367,PT04M38.00S,3,1610612750,MIN,1626157,Towns,K. Towns,11,261,26,Missed,1,,,0,h,MISS Towns 26' 3PT Jump Shot,Missed Shot,Jump Shot,1,3,270
0021701151,368,PT04M34.00S,3,1610612762,UTA,201937,Rubio,R. Rubio,0,0,0,,0,,,0,v,Rubio REBOUND (Off:1 Def:5),Rebound,Unknown,1,0,271
0021701151,369,PT04M27.00S,3,1610612762,UTA,201937,Rubio,R. Rubio,-99,155,18,Made,1,62,81,143,v,Rubio 18' Jump Shot (23 PTS) (O'Neale 2 AST),Made Shot,Jump Shot,1,2,272
0021701151,370,PT03M57.00S,3,1610612750,MIN,2037,Crawford,J. Crawford,-225,3,0,Missed,1,,,0,h,MISS Crawford 3PT Jump Shot,Missed Shot,Jump Shot,1,3,273
0021701151,371,PT03M54.00S,3,1610612750,MIN,201959,Gibson,T. Gibson,0,0,0,,0,,,0,h,Gibson REBOUND (Off:2 Def:4),Rebound,Unknown,1,0,274
0021701151,372,PT03M54.00S,3,1610612750,MIN,1626157,Towns,K. Towns,0,0,0,,0,,,0,h,Towns Out of Bounds - Bad Pass Turnover Turnover (P3.T7),Turnover,Out of Bounds - Bad Pass Turnover,1,0,275
0021701151,373,PT03M54.00S,3,1610612762,UTA,201937,Rubio,R. Rubio,0,0,0,,0,,,0,v,SUB: Exum FOR Rubio,Substitution,,0,0,276
0021701151,375,PT03M41.00S,3,1610612762,UTA,1628378,Mitchell,D. Mitchell,-109,158,19,Missed,1,,,0,v,MISS Mitchell 19' Jump Shot,Missed Shot,Jump Shot,1,2,277
0021701151,376,PT03M37.00S,3,1610612750,MIN,1626157,Towns,K. Towns,0,0,0,,0,,,0,h,Towns REBOUND (Off:1 Def:5),Rebound,Unknown,1,0,278
0021701151,377,PT03M34.00S,3,1610612762,UTA,1626220,O'Neale,R. O'Neale,0,0,0,,0,,,0,v,O'Neale P.FOUL (P2.T1) (R.Garretson),Foul,Personal,1,0,279
0021701151,379,PT03M29.00S,3,1610612750,MIN,203952,Wiggins,A. Wiggins,2,0,0,Made,1,64,81,145,h,Wiggins Driving Finger Roll Layup (19 PTS),Made Shot,Driving Finger Roll Layup Shot,1,2,280
0021701151,380,PT03M10.00S,3,1610612762,UTA,1626220,O'Neale,R. O'Neale,-40,102,11,Made,1,64,83,147,v,O'Neale 11' Floating Jump Shot (4 PTS),Made Shot,Floating Jump shot,1,2,281
0021701151,381,PT02M57.00S,3,1610612750,MIN,1626157,Towns,K. Towns,-5,14,1,Made,1,66,83,149,h,Towns 1' Alley Oop Layup (15 PTS) (Crawford 1 AST),Made Shot,Alley Oop Layup shot,1,2,282
0021701151,383,PT02M44.00S,3,1610612762,UTA,203109,Crowder,J. Crowder,0,0,0,,0,,,0,v,Crowder Bad Pass Turnover (P1.T10),Turnover,Bad Pass,1,0,283
0021701151,383,PT02M44.00S,3,1610612750,MIN,1626145,Jones,T. Jones,0,0,0,,0,,,0,h,Jones STEAL (4 STL),,,1,0,284
0021701151,385,PT02M35.00S,3,1610612762,UTA,202324,Favors,D. Favors,0,0,0,,0,,,0,v,Favors S.FOUL (P2.T2) (S.Wall),Foul,Shooting,1,0,285
0021701151,387,PT02M35.00S,3,1610612750,MIN,1626157,Towns,K. Towns,0,0,0,,0,67,83,150,h,Towns Free Throw 1 of 2 (16 PTS),Free Throw,Free Throw 1 of 2,0,0,286
0021701151,388,PT02M35.00S,3,1610612762,UTA,202324,Favors,D. Favors,0,0,0,,0,,,0,v,SUB: Jerebko FOR Favors,Substitution,,0,0,287
0021701151,389,PT02M35.00S,3,1610612762,UTA,1628378,Mitchell,D. Mitchell,0,0,0,,0,,,0,v,SUB: Gobert FOR Mitchell,Substitution,,0,0,288
0021701151,392,PT02M35.00S,3,1610612750,MIN,1626157,Towns,K. Towns,0,0,0,,0,68,83,151,h,Towns Free Throw 2 of 2 (17 PTS),Free Throw,Free Throw 2 of 2,0,0,289
0021701151,393,PT02M22.00S,3,1610612762,UTA,203497,Gobert,R. Gobert,-3,22,2,Made,1,68,85,153,v,Gobert 2' Alley Oop Dunk (6 PTS) (Exum 4 AST),Made Shot,Alley Oop Dunk Shot,1,2,290
0021701151,395,PT02M10.00S,3,1610612750,MIN,2037,Crawford,J. Crawford,0,0,0,,0,,,0,h,Crawford Backcourt Turnover (P1.T8),Turnover,Backcourt Turnover,1,0,291
0021701151,396,PT02M10.00S,3,1610612750,MIN,1626157,Towns,K. Towns,0,0,0,,0,,,0,h,SUB: Dieng FOR Towns,Substitution,,0,0,292
0021701151,398,PT02M10.00S,3,1610612750,MIN,1626145,Jones,T. Jones,0,0,0,,0,,,0,h,SUB: Brooks FOR Jones,Substitution,,0,0,293
0021701151,400,PT01M57.00S,3,1610612762,UTA,203109,Crowder,J. Crowder,-72,243,25,Missed,1,,,0,v,MISS Crowder 25' 3PT Jump Shot,Missed Shot,Jump Shot,1,3,294
0021701151,401,PT01M54.00S,3,1610612750,MIN,203952,Wiggins,A. Wiggins,0,0,0,,0,,,0,h,Wiggins REBOUND (Off:1 Def:4),Rebound,Unknown,1,0,295
0021701151,402,PT01M43.00S,3,1610612750,MIN,201166,Brooks,A. Brooks,-187,163,25,Made,1,71,85,156,h,Brooks 25' 3PT Step Back Jump Shot (7 PTS),Made Shot,Step Back Jump shot,1,3,296
0021701151,403,PT01M40.00S,3,0,,1610612762,,,0,0,0,,0,,,0,v,Jazz Timeout: Regular (Reg.3 Short 0),Timeout,Regular,0,0,297
0021701151,405,PT01M30.00S,3,1610612762,UTA,1626220,O'Neale,R. O'Neale,0,0,0,,0,,,0,v,O'Neale Out of Bounds - Bad Pass Turnover Turnover (P2.T11),Turnover,Out of Bounds - Bad Pass Turnover,1,0,298
0021701151,406,PT01M12.00S,3,1610612750,MIN,201166,Brooks,A. Brooks,2,4,0,Missed,1,,,0,h,MISS Brooks Driving Layup,Missed Shot,Driving Layup Shot,1,2,299
0021701151,407,PT01M09.00S,3,1610612762,UTA,203497,Gobert,R. Gobert,0,0,0,,0,,,0,v,Gobert REBOUND (Off:1 Def:9),Rebound,Unknown,1,0,300
0021701151,409,PT00M51.50S,3,1610612762,UTA,203957,Exum,D. Exum,-71,104,13,Missed,1,,,0,v,MISS Exum 13' Jump Shot,Missed Shot,Jump Shot,1,2,301
0021701151,409,PT00M51.50S,3,1610612750,MIN,203476,Dieng,G. Dieng,0,0,0,,0,,,0,h,Dieng BLOCK (1 BLK),,,1,2,302
0021701151,410,PT00M49.90S,3,1610612750,MIN,203476,Dieng,G. Dieng,0,0,0,,0,,,0,h,Dieng REBOUND (Off:0 Def:3),Rebound,Unknown,1,0,303
0021701151,412,PT00M49.30S,3,1610612762,UTA,203109,Crowder,J. Crowder,0,0,0,,0,,,0,v,Crowder Personal Take Foul (P3.T3) (T.Washington),Foul,Personal Take,1,0,304
0021701151,414,PT00M36.70S,3,1610612750,MIN,203952,Wiggins,A. Wiggins,0,0,0,,0,,,0,h,Wiggins Bad Pass Turnover (P1.T9),Turnover,Bad Pass,1,0,305
0021701151,414,PT00M36.70S,3,1610612762,UTA,1626220,O'Neale,R. O'Neale,0,0,0,,0,,,0,v,O'Neale STEAL (1 STL),,,1,0,306
0021701151,416,PT00M32.40S,3,1610612762,UTA,1626220,O'Neale,R. O'Neale,0,0,0,,0,,,0,v,O'Neale Out of Bounds - Bad Pass Turnover Turnover (P3.T12),Turnover,Out of Bounds - Bad Pass Turnover,1,0,307
0021701151,417,PT00M07.90S,3,1610612750,MIN,2037,Crawford,J. Crawford,-60,68,9,Missed,1,,,0,h,MISS Crawford 9' Driving Floating Jump Shot,Missed Shot,Driving Floating Jump Shot,1,2,308
0021701151,418,PT00M06.40S,3,1610612762,UTA,203497,Gobert,R. Gobert,0,0,0,,0,,,0,v,Gobert REBOUND (Off:1 Def:10),Rebound,Unknown,1,0,309
0021701151,420,PT00M01.30S,3,1610612750,MIN,203952,Wiggins,A. Wiggins,0,0,0,,0,,,0,h,Wiggins S.FOUL (P1.PN) (S.Wall),Foul,Shooting,1,0,310
0021701151,422,PT00M01.30S,3,1610612762,UTA,203957,Exum,D. Exum,0,0,0,,0,71,86,157,v,Exum Free Throw 1 of 2 (9 PTS),Free Throw,Free Throw 1 of 2,0,0,311
0021701151,423,PT00M01.30S,3,1610612762,UTA,203957,Exum,D. Exum,0,0,0,,0,71,87,158,v,Exum Free Throw 2 of 2 (10 PTS),Free Throw,Free Throw 2 of 2,0,0,312
0021701151,424,PT00M01.10S,3,1610612750,MIN,201166,Brooks,A. Brooks,203,863,89,Missed,1,,,0,h,MISS Brooks 89' 3PT Jump Shot,Missed Shot,Jump Shot,1,3,313
0021701151,425,PT00M00.10S,3,0,,1610612750,,,0,0,0,,0,,,0,h,TIMBERWOLVES Rebound,Rebound,Unknown,0,0,314
0021701151,426,PT00M00.00S,3,0,,0,,,0,0,0,,0,71,87,158,,End of 3rd Period (8:43 PM EST),period,end,1,0,315
0021701151,433,PT12M00.00S,4,0,,0,,,0,0,0,,0,71,87,158,,Start of 4th Period (8:45 PM EST),period,start,0,0,316
0021701151,434,PT11M48.00S,4,1610612750,MIN,1626157,Towns,K. Towns,63,258,27,Missed,1,,,0,h,MISS Towns 27' 3PT Jump Shot,Missed Shot,Jump Shot,1,3,317
0021701151,435,PT11M44.00S,4,1610612762,UTA,203497,Gobert,R. Gobert,0,0,0,,0,,,0,v,Gobert REBOUND (Off:1 Def:11),Rebound,Unknown,1,0,318
0021701151,436,PT11M28.00S,4,1610612762,UTA,203109,Crowder,J. Crowder,220,115,25,Made,1,71,90,161,v,Crowder 25' 3PT Jump Shot (10 PTS) (Exum 5 AST),Made Shot,Jump Shot,1,3,319
0021701151,438,PT11M15.00S,4,1610612750,MIN,202357,Bjelica,N. Bjelica,-178,183,26,Made,1,74,90,164,h,Bjelica 26' 3PT Jump Shot (3 PTS) (Crawford 2 AST),Made Shot,Jump Shot,1,3,320
0021701151,440,PT10M58.00S,4,1610612762,UTA,201973,Jerebko,J. Jerebko,236,-6,24,Made,1,74,93,167,v,Jerebko 24' 3PT Jump Shot (11 PTS) (Crowder 1 AST),Made Shot,Jump Shot,1,3,321
0021701151,442,PT10M43.00S,4,1610612750,MIN,201166,Brooks,A. Brooks,-102,61,12,Missed,1,,,0,h,MISS Brooks 12' Fadeaway Jumper,Missed Shot,Fadeaway Jump Shot,1,2,322
0021701151,443,PT10M40.00S,4,1610612762,UTA,203109,Crowder,J. Crowder,0,0,0,,0,,,0,v,Crowder REBOUND (Off:0 Def:2),Rebound,Unknown,1,0,323
0021701151,444,PT10M34.00S,4,1610612750,MIN,201166,Brooks,A. Brooks,0,0,0,,0,,,0,h,Brooks S.FOUL (P2.T1) (T.Washington),Foul,Shooting,1,0,324
0021701151,446,PT10M34.00S,4,1610612762,UTA,203957,Exum,D. Exum,0,0,0,,0,74,94,168,v,Exum Free Throw 1 of 2 (11 PTS),Free Throw,Free Throw 1 of 2,0,0,325
0021701151,447,PT10M34.00S,4,1610612762,UTA,203957,Exum,D. Exum,0,0,0,,0,74,95,169,v,Exum Free Throw 2 of 2 (12 PTS),Free Throw,Free Throw 2 of 2,0,0,326
0021701151,448,PT10M13.00S,4,1610612750,MIN,202357,Bjelica,N. Bjelica,-25,83,9,Made,1,76,95,171,h,Bjelica 9' Running Jump Shot (5 PTS),Made Shot,Running Jump Shot,1,2,327
0021701151,449,PT10M05.00S,4,1610612750,MIN,201166,Brooks,A. Brooks,0,0,0,,0,,,0,h,Brooks S.FOUL (P3.T2) (S.Wall),Foul,Shooting,1,0,328
0021701151,451,PT10M05.00S,4,1610612762,UTA,203957,Exum,D. Exum,0,0,0,,0,76,96,172,v,Exum Free Throw 1 of 2 (13 PTS),Free Throw,Free Throw 1 of 2,0,0,329
0021701151,452,PT10M05.00S,4,1610612762,UTA,203957,Exum,D. Exum,0,0,0,,0,76,97,173,v,Exum Free Throw 2 of 2 (14 PTS),Free Throw,Free Throw 2 of 2,0,0,330
0021701151,455,PT09M41.00S,4,1610612750,MIN,1626157,Towns,K. Towns,-136,51,15,Missed,1,,,0,h,MISS Towns 15' Turnaround Jump Shot,Missed Shot,Turnaround Jump Shot,1,2,331
0021701151,455,PT09M41.00S,4,1610612762,UTA,203497,Gobert,R. Gobert,0,0,0,,0,,,0,v,Gobert BLOCK (3 BLK),,,1,2,332
0021701151,457,PT09M40.00S,4,0,,1610612750,,,0,0,0,,0,,,0,h,TIMBERWOLVES Rebound,Rebound,Unknown,0,0,333
0021701151,458,PT09M40.00S,4,0,,1610612750,,,0,0,0,,0,,,0,h,TIMBERWOLVES Turnover: Shot Clock (T#10),Turnover,Shot Clock Turnover,0,0,334
0021701151,459,PT09M29.00S,4,1610612762,UTA,204060,Ingles,J. Ingles,11,97,10,Made,1,76,99,175,v,Ingles 10' Driving Floating Jump Shot (5 PTS) (Jerebko 1 AST),Made Shot,Driving Floating Jump Shot,1,2,335
0021701151,461,PT09M07.00S,4,1610612762,UTA,203109,Crowder,J. Crowder,0,0,0,,0,,,0,v,Crowder P.FOUL (P4.T1) (R.Garretson),Foul,Personal,1,0,336
0021701151,463,PT09M07.00S,4,1610612750,MIN,203476,Dieng,G. Dieng,0,0,0,,0,,,0,h,SUB: Wiggins FOR Dieng,Substitution,,0,0,337
0021701151,465,PT09M00.00S,4,1610612750,MIN,2037,Crawford,J. Crawford,0,0,0,,0,,,0,h,Crawford Bad Pass Turnover (P2.T11),Turnover,Bad Pass,1,0,338
0021701151,465,PT09M00.00S,4,1610612762,UTA,204060,Ingles,J. Ingles,0,0,0,,0,,,0,v,Ingles STEAL (1 STL),,,1,0,339
0021701151,467,PT08M56.00S,4,1610612750,MIN,201166,Brooks,A. Brooks,0,0,0,,0,,,0,h,Brooks Shooting Block Foul (P4.T3) (R.Garretson),Foul,Shooting Block,1,0,340
0021701151,469,PT08M56.00S,4,1610612762,UTA,201973,Jerebko,J. Jerebko,0,0,0,,0,76,100,176,v,Jerebko Free Throw 1 of 2 (12 PTS),Free Throw,Free Throw 1 of 2,0,0,341
0021701151,470,PT08M56.00S,4,1610612762,UTA,201973,Jerebko,J. Jerebko,0,0,0,,0,76,101,177,v,Jerebko Free Throw 2 of 2 (13 PTS),Free Throw,Free Throw 2 of 2,0,0,342
0021701151,471,PT08M43.00S,4,1610612750,MIN,1626157,Towns,K. Towns,-42,25,5,Missed,1,,,0,h,MISS Towns 5' Layup,Missed Shot,Layup Shot,1,2,343
0021701151,472,PT08M41.00S,4,1610612762,UTA,203497,Gobert,R. Gobert,0,0,0,,0,,,0,v,Gobert REBOUND (Off:1 Def:12),Rebound,Unknown,1,0,344
0021701151,473,PT08M21.00S,4,1610612762,UTA,203957,Exum,D. Exum,0,0,0,,0,,,0,v,Exum Bad Pass Turnover (P1.T13),Turnover,Bad Pass,1,0,345
0021701151,473,PT08M21.00S,4,1610612750,MIN,202357,Bjelica,N. Bjelica,0,0,0,,0,,,0,h,Bjelica STEAL (1 STL),,,1,0,346
0021701151,475,PT08M15.00S,4,1610612750,MIN,2037,Crawford,J. Crawford,0,0,0,,0,,,0,h,Crawford Bad Pass Turnover (P3.T12),Turnover,Bad Pass,1,0,347
0021701151,475,PT08M15.00S,4,1610612762,UTA,203957,Exum,D. Exum,0,0,0,,0,,,0,v,Exum STEAL (1 STL),,,1,0,348
0021701151,477,PT08M09.00S,4,1610612762,UTA,203109,Crowder,J. Crowder,-230,1,0,Missed,1,,,0,v,MISS Crowder 3PT Jump Shot,Missed Shot,Jump Shot,1,3,349
0021701151,478,PT08M05.00S,4,1610612750,MIN,203952,Wiggins,A. Wiggins,0,0,0,,0,,,0,h,Wiggins REBOUND (Off:1 Def:5),Rebound,Unknown,1,0,350
0021701151,479,PT08M01.00S,4,1610612762,UTA,204060,Ingles,J. Ingles,0,0,0,,0,,,0,v,Ingles S.FOUL (P1.T2) (R.Garretson),Foul,Shooting,1,0,351
0021701151,481,PT08M01.00S,4,1610612750,MIN,203952,Wiggins,A. Wiggins,0,0,0,,0,77,101,178,h,Wiggins Free Throw 1 of 2 (20 PTS),Free Throw,Free Throw 1 of 2,0,0,352
0021701151,482,PT08M01.00S,4,1610612762,UTA,203957,Exum,D. Exum,0,0,0,,0,,,0,v,SUB: Rubio FOR Exum,Substitution,,0,0,353
0021701151,483,PT08M01.00S,4,1610612762,UTA,203497,Gobert,R. Gobert,0,0,0,,0,,,0,v,SUB: Favors FOR Gobert,Substitution,,0,0,354
0021701151,486,PT08M01.00S,4,1610612750,MIN,203952,Wiggins,A. Wiggins,0,0,0,,0,78,101,179,h,Wiggins Free Throw 2 of 2 (21 PTS),Free Throw,Free Throw 2 of 2,0,0,355
0021701151,487,PT07M43.00S,4,1610612762,UTA,203109,Crowder,J. Crowder,30,95,10,Missed,1,,,0,v,MISS Crowder 10' Running Jump Shot,Missed Shot,Running Jump Shot,1,2,356
0021701151,488,PT07M43.00S,4,0,,1610612750,,,0,0,0,,0,,,0,h,TIMBERWOLVES Rebound,Rebound,Unknown,0,0,357
0021701151,489,PT07M29.00S,4,1610612750,MIN,2037,Crawford,J. Crawford,126,5,13,Missed,1,,,0,h,MISS Crawford 13' Floating Jump Shot,Missed Shot,Floating Jump shot,1,2,358
0021701151,491,PT07M26.00S,4,1610612762,UTA,201937,Rubio,R. Rubio,0,0,0,,0,,,0,v,Rubio REBOUND (Off:1 Def:6),Rebound,Unknown,1,0,359
0021701151,492,PT07M16.00S,4,1610612750,MIN,202357,Bjelica,N. Bjelica,0,0,0,,0,,,0,h,Bjelica S.FOUL (P3.T4) (T.Washington),Foul,Shooting,1,0,360
0021701151,494,PT07M16.00S,4,1610612762,UTA,202324,Favors,D. Favors,0,0,0,,0,78,102,180,v,Favors Free Throw 1 of 2 (12 PTS),Free Throw,Free Throw 1 of 2,0,0,361
0021701151,495,PT07M16.00S,4,1610612750,MIN,2037,Crawford,J. Crawford,0,0,0,,0,,,0,h,SUB: Jones FOR Crawford,Substitution,,0,0,362
0021701151,496,PT07M16.00S,4,1610612750,MIN,201166,Brooks,A. Brooks,0,0,0,,0,,,0,h,SUB: Gibson FOR Brooks,Substitution,,0,0,363
0021701151,497,PT07M16.00S,4,1610612762,UTA,204060,Ingles,J. Ingles,0,0,0,,0,,,0,v,SUB: O'Neale FOR Ingles,Substitution,,0,0,364
0021701151,498,PT07M16.00S,4,1610612762,UTA,201973,Jerebko,J. Jerebko,0,0,0,,0,,,0,v,SUB: Mitchell FOR Jerebko,Substitution,,0,0,365
0021701151,503,PT07M16.00S,4,1610612762,UTA,202324,Favors,D. Favors,0,0,0,,0,78,103,181,v,Favors Free Throw 2 of 2 (13 PTS),Free Throw,Free Throw 2 of 2,0,0,366
0021701151,504,PT06M54.00S,4,1610612750,MIN,203952,Wiggins,A. Wiggins,-10,168,17,Missed,1,,,0,h,MISS Wiggins 17' Jump Shot,Missed Shot,Jump Shot,1,2,367
0021701151,505,PT06M53.00S,4,1610612750,MIN,202357,Bjelica,N. Bjelica,0,0,0,,0,,,0,h,Bjelica REBOUND (Off:2 Def:3),Rebound,Unknown,1,0,368
0021701151,506,PT06M53.00S,4,1610612762,UTA,201937,Rubio,R. Rubio,0,0,0,,0,,,0,v,Rubio P.FOUL (P3.T3) (T.Washington),Foul,Personal,1,0,369
0021701151,508,PT06M53.00S,4,0,,1610612750,,,0,0,0,,0,,,0,h,TIMBERWOLVES Timeout: Regular (Full 5 Short 0),Timeout,Regular,0,0,370
0021701151,509,PT06M51.00S,4,1610612750,MIN,1626157,Towns,K. Towns,-27,59,6,Made,1,80,103,183,h,Towns 6' Turnaround Jump Shot (19 PTS) (Jones 4 AST),Made Shot,Turnaround Jump Shot,1,2,371
0021701151,511,PT06M51.00S,4,1610612762,UTA,202324,Favors,D. Favors,0,0,0,,0,,,0,v,Favors S.FOUL (P3.T4) (S.Wall),Foul,Shooting,1,0,372
0021701151,513,PT06M51.00S,4,1610612750,MIN,1626157,Towns,K. Towns,0,0,0,,0,81,103,184,h,Towns Free Throw 1 of 1 (20 PTS),Free Throw,Free Throw 1 of 1,0,0,373
0021701151,514,PT06M40.00S,4,1610612750,MIN,1626157,Towns,K. Towns,0,0,0,,0,,,0,h,Towns P.FOUL (P2.PN) (S.Wall),Foul,Personal,1,0,374
0021701151,516,PT06M40.00S,4,1610612762,UTA,202324,Favors,D. Favors,0,0,0,,0,81,104,185,v,Favors Free Throw 1 of 2 (14 PTS),Free Throw,Free Throw 1 of 2,0,0,375
0021701151,517,PT06M40.00S,4,1610612762,UTA,202324,Favors,D. Favors,0,0,0,,0,,,0,v,MISS Favors Free Throw 2 of 2,Free Throw,Free Throw 2 of 2,0,0,376
0021701151,518,PT06M38.00S,4,1610612750,MIN,1626157,Towns,K. Towns,0,0,0,,0,,,0,h,Towns REBOUND (Off:1 Def:6),Rebound,Unknown,1,0,377
0021701151,519,PT06M20.00S,4,1610612750,MIN,203952,Wiggins,A. Wiggins,-130,51,14,Made,1,83,104,187,h,Wiggins 14' Step Back Jump Shot (23 PTS),Made Shot,Step Back Jump shot,1,2,378
0021701151,520,PT05M59.00S,4,1610612762,UTA,1628378,Mitchell,D. Mitchell,136,18,14,Made,1,83,106,189,v,Mitchell 14' Step Back Jump Shot (17 PTS),Made Shot,Step Back Jump shot,1,2,379
0021701151,521,PT05M44.00S,4,1610612762,UTA,202324,Favors,D. Favors,0,0,0,,0,,,0,v,Favors S.FOUL (P4.PN) (S.Wall),Foul,Shooting,1,0,380
0021701151,523,PT05M44.00S,4,1610612750,MIN,202357,Bjelica,N. Bjelica,0,0,0,,0,84,106,190,h,Bjelica Free Throw 1 of 2 (6 PTS),Free Throw,Free Throw 1 of 2,0,0,381
0021701151,524,PT05M44.00S,4,1610612762,UTA,203109,Crowder,J. Crowder,0,0,0,,0,,,0,v,SUB: Gobert FOR Crowder,Substitution,,0,0,382
0021701151,526,PT05M44.00S,4,1610612750,MIN,202357,Bjelica,N. Bjelica,0,0,0,,0,85,106,191,h,Bjelica Free Throw 2 of 2 (7 PTS),Free Throw,Free Throw 2 of 2,0,0,383
0021701151,527,PT05M33.00S,4,1610612762,UTA,1628378,Mitchell,D. Mitchell,0,0,0,,0,,,0,v,Mitchell Lost Ball Turnover (P5.T14),Turnover,Lost Ball,1,0,384
0021701151,527,PT05M33.00S,4,1610612750,MIN,202357,Bjelica,N. Bjelica,0,0,0,,0,,,0,h,Bjelica STEAL (2 STL),,,1,0,385
0021701151,529,PT05M23.00S,4,1610612750,MIN,1626145,Jones,T. Jones,-41,98,11,Missed,1,,,0,h,MISS Jones 11' Floating Jump Shot,Missed Shot,Floating Jump shot,1,2,386
0021701151,530,PT05M20.00S,4,1610612762,UTA,1626220,O'Neale,R. O'Neale,0,0,0,,0,,,0,v,O'Neale REBOUND (Off:0 Def:4),Rebound,Unknown,1,0,387
0021701151,531,PT05M14.00S,4,1610612762,UTA,202324,Favors,D. Favors,29,20,4,Made,1,85,108,193,v,Favors 4' Dunk (16 PTS) (Mitchell 4 AST),Made Shot,Dunk Shot,1,2,388
0021701151,533,PT05M06.00S,4,0,,1610612750,,,0,0,0,,0,,,0,h,TIMBERWOLVES Timeout: Regular (Full 6 Short 0),Timeout,Regular,0,0,389
0021701151,534,PT05M06.00S,4,1610612750,MIN,203952,Wiggins,A. Wiggins,0,0,0,,0,,,0,h,SUB: Dieng FOR Wiggins,Substitution,,0,0,390
0021701151,535,PT05M06.00S,4,1610612750,MIN,1626157,Towns,K. Towns,0,0,0,,0,,,0,h,SUB: Georges-Hunt FOR Towns,Substitution,,0,0,391
0021701151,536,PT05M06.00S,4,1610612750,MIN,201959,Gibson,T. Gibson,0,0,0,,0,,,0,h,SUB: Brooks FOR Gibson,Substitution,,0,0,392
0021701151,540,PT04M48.00S,4,1610612750,MIN,1627875,Georges-Hunt,M. Georges-Hunt,14,26,3,Missed,1,,,0,h,MISS Georges-Hunt 3' Layup,Missed Shot,Layup Shot,1,2,393
0021701151,540,PT04M48.00S,4,1610612762,UTA,203497,Gobert,R. Gobert,0,0,0,,0,,,0,v,Gobert BLOCK (4 BLK),,,1,2,394
0021701151,541,PT04M46.00S,4,1610612762,UTA,1628378,Mitchell,D. Mitchell,0,0,0,,0,,,0,v,Mitchell REBOUND (Off:0 Def:2),Rebound,Unknown,1,0,395
0021701151,542,PT04M43.00S,4,1610612762,UTA,1628378,Mitchell,D. Mitchell,-1,4,0,Made,1,85,110,195,v,Mitchell Layup (19 PTS) (O'Neale 3 AST),Made Shot,Layup Shot,1,2,396
0021701151,544,PT04M32.00S,4,1610612750,MIN,202357,Bjelica,N. Bjelica,-146,214,26,Missed,1,,,0,h,MISS Bjelica 26' 3PT Jump Shot,Missed Shot,Jump Shot,1,3,397
0021701151,545,PT04M29.00S,4,1610612762,UTA,1626220,O'Neale,R. O'Neale,0,0,0,,0,,,0,v,O'Neale REBOUND (Off:0 Def:5),Rebound,Unknown,1,0,398
0021701151,547,PT04M11.00S,4,1610612762,UTA,203497,Gobert,R. Gobert,8,12,1,Missed,1,,,0,v,MISS Gobert 1' Alley Oop Layup,Missed Shot,Alley Oop Layup shot,1,2,399
0021701151,548,PT04M09.00S,4,1610612762,UTA,1628378,Mitchell,D. Mitchell,0,0,0,,0,,,0,v,Mitchell REBOUND (Off:1 Def:2),Rebound,Unknown,1,0,400
0021701151,549,PT04M09.00S,4,1610612762,UTA,1628378,Mitchell,D. Mitchell,0,-6,1,Made,1,85,112,197,v,Mitchell 1' Putback Dunk (21 PTS),Made Shot,Putback Dunk Shot,1,2,401
0021701151,550,PT03M51.00S,4,1610612750,MIN,201166,Brooks,A. Brooks,-9,80,8,Missed,1,,,0,h,MISS Brooks 8' Driving Layup,Missed Shot,Driving Layup Shot,1,2,402
0021701151,551,PT03M49.00S,4,1610612750,MIN,201166,Brooks,A. Brooks,0,0,0,,0,,,0,h,Brooks REBOUND (Off:1 Def:0),Rebound,Unknown,1,0,403
0021701151,552,PT03M44.00S,4,0,,1610612750,,,0,0,0,,0,,,0,h,TIMBERWOLVES Turnover: Shot Clock (T#13),Turnover,Shot Clock Turnover,0,0,404
0021701151,553,PT03M44.00S,4,1610612750,MIN,1626145,Jones,T. Jones,0,0,0,,0,,,0,h,SUB: Patton FOR Jones,Substitution,,0,0,405
0021701151,554,PT03M44.00S,4,1610612750,MIN,202357,Bjelica,N. Bjelica,0,0,0,,0,,,0,h,SUB: Brown FOR Bjelica,Substitution,,0,0,406
0021701151,555,PT03M44.00S,4,1610612762,UTA,201937,Rubio,R. Rubio,0,0,0,,0,,,0,v,SUB: Jerebko FOR Rubio,Substitution,,0,0,407
0021701151,556,PT03M44.00S,4,1610612762,UTA,202324,Favors,D. Favors,0,0,0,,0,,,0,v,SUB: Exum FOR Favors,Substitution,,0,0,408
0021701151,557,PT03M44.00S,4,1610612762,UTA,1626220,O'Neale,R. O'Neale,0,0,0,,0,,,0,v,SUB: Udoh FOR O'Neale,Substitution,,0,0,409
0021701151,558,PT03M44.00S,4,1610612762,UTA,203497,Gobert,R. Gobert,0,0,0,,0,,,0,v,SUB: Burks FOR Gobert,Substitution,,0,0,410
0021701151,559,PT03M44.00S,4,1610612762,UTA,1628378,Mitchell,D. Mitchell,0,0,0,,0,,,0,v,SUB: Niang FOR Mitchell,Substitution,,0,0,411
0021701151,567,PT03M28.00S,4,1610612750,MIN,201166,Brooks,A. Brooks,0,0,0,,0,,,0,h,Brooks P.FOUL (P5.PN) (S.Wall),Foul,Personal,1,0,412
0021701151,569,PT03M28.00S,4,1610612762,UTA,202327,Udoh,E. Udoh,0,0,0,,0,,,0,v,MISS Udoh Free Throw 1 of 2,Free Throw,Free Throw 1 of 2,0,0,413
0021701151,570,PT03M28.00S,4,0,,1610612762,,,0,0,0,,0,,,0,v,Jazz Rebound,Rebound,Normal Rebound,0,0,414
0021701151,571,PT03M28.00S,4,1610612762,UTA,203957,Exum,D. Exum,0,0,0,,0,,,0,v,SUB: Stockton FOR Exum,Substitution,,0,0,415
0021701151,573,PT03M28.00S,4,1610612762,UTA,202327,Udoh,E. Udoh,0,0,0,,0,85,113,198,v,Udoh Free Throw 2 of 2 (1 PTS),Free Throw,Free Throw 2 of 2,0,0,416
0021701151,574,PT03M22.00S,4,1610612762,UTA,204065,Stockton,D. Stockton,0,0,0,,0,,,0,v,Stockton S.FOUL (P1.PN) (T.Washington),Foul,Shooting,1,0,417
0021701151,576,PT03M22.00S,4,1610612750,MIN,201166,Brooks,A. Brooks,0,0,0,,0,86,113,199,h,Brooks Free Throw 1 of 2 (8 PTS),Free Throw,Free Throw 1 of 2,0,0,418
0021701151,577,PT03M22.00S,4,1610612750,MIN,201166,Brooks,A. Brooks,0,0,0,,0,87,113,200,h,Brooks Free Throw 2 of 2 (9 PTS),Free Throw,Free Throw 2 of 2,0,0,419
0021701151,578,PT03M15.00S,4,1610612762,UTA,204065,Stockton,D. Stockton,10,253,25,Missed,1,,,0,v,MISS Stockton 25' 3PT Jump Shot,Missed Shot,Jump Shot,1,3,420
0021701151,579,PT03M12.00S,4,1610612750,MIN,203476,Dieng,G. Dieng,0,0,0,,0,,,0,h,Dieng REBOUND (Off:0 Def:4),Rebound,Unknown,1,0,421
0021701151,580,PT03M05.00S,4,1610612750,MIN,201166,Brooks,A. Brooks,0,0,0,,0,,,0,h,Brooks Out of Bounds - Bad Pass Turnover Turnover (P1.T14),Turnover,Out of Bounds - Bad Pass Turnover,1,0,422
0021701151,581,PT02M54.00S,4,1610612750,MIN,1627875,Georges-Hunt,M. Georges-Hunt,0,0,0,,0,,,0,h,Georges-Hunt S.FOUL (P1.PN) (T.Washington),Foul,Shooting,1,0,423
0021701151,583,PT02M54.00S,4,1610612762,UTA,1627777,Niang,G. Niang,0,0,0,,0,87,114,201,v,Niang Free Throw 1 of 2 (1 PTS),Free Throw,Free Throw 1 of 2,0,0,424
0021701151,584,PT02M54.00S,4,1610612762,UTA,1627777,Niang,G. Niang,0,0,0,,0,,,0,v,MISS Niang Free Throw 2 of 2,Free Throw,Free Throw 2 of 2,0,0,425
0021701151,585,PT02M51.00S,4,1610612762,UTA,1627777,Niang,G. Niang,0,0,0,,0,,,0,v,Niang REBOUND (Off:1 Def:0),Rebound,Unknown,1,0,426
0021701151,586,PT02M39.00S,4,1610612750,MIN,1628383,Patton,J. Patton,0,0,0,,0,,,0,h,Patton P.FOUL (P1.PN) (S.Wall),Foul,Personal,1,0,427
0021701151,588,PT02M39.00S,4,1610612762,UTA,204065,Stockton,D. Stockton,0,0,0,,0,87,115,202,v,Stockton Free Throw 1 of 2 (1 PTS),Free Throw,Free Throw 1 of 2,0,0,428
0021701151,589,PT02M39.00S,4,1610612762,UTA,204065,Stockton,D. Stockton,0,0,0,,0,87,116,203,v,Stockton Free Throw 2 of 2 (2 PTS),Free Throw,Free Throw 2 of 2,0,0,429
0021701151,590,PT02M27.00S,4,1610612750,MIN,201166,Brooks,A. Brooks,-162,209,26,Made,1,90,116,206,h,Brooks 26' 3PT Jump Shot (12 PTS) (Dieng 1 AST),Made Shot,Jump Shot,1,3,430
0021701151,592,PT02M10.00S,4,1610612762,UTA,1627777,Niang,G. Niang,228,58,24,Missed,1,,,0,v,MISS Niang 24' 3PT Jump Shot,Missed Shot,Jump Shot,1,3,431
0021701151,593,PT02M06.00S,4,1610612750,MIN,203476,Dieng,G. Dieng,0,0,0,,0,,,0,h,Dieng REBOUND (Off:0 Def:5),Rebound,Unknown,1,0,432
0021701151,594,PT01M58.00S,4,1610612750,MIN,1628383,Patton,J. Patton,87,59,11,Made,1,92,116,208,h,Patton 11' Turnaround Hook Shot (2 PTS) (Brooks 2 AST),Made Shot,Turnaround Hook Shot,1,2,433
0021701151,596,PT01M43.00S,4,1610612762,UTA,202692,Burks,A. Burks,0,0,0,,0,,,0,v,Burks Bad Pass Turnover (P1.T15),Turnover,Bad Pass,1,0,434
0021701151,596,PT01M43.00S,4,1610612750,MIN,1628383,Patton,J. Patton,0,0,0,,0,,,0,h,Patton STEAL (1 STL),,,1,0,435
0021701151,598,PT01M34.00S,4,1610612750,MIN,1628383,Patton,J. Patton,-24,32,4,Missed,1,,,0,h,MISS Patton 4' Driving Layup,Missed Shot,Driving Layup Shot,1,2,436
0021701151,599,PT01M32.00S,4,1610612762,UTA,202692,Burks,A. Burks,0,0,0,,0,,,0,v,Burks REBOUND (Off:0 Def:1),Rebound,Unknown,1,0,437
0021701151,600,PT01M27.00S,4,1610612762,UTA,202692,Burks,A. Burks,21,234,23,Made,1,92,118,210,v,Burks 23' Jump Shot (2 PTS),Made Shot,Jump Shot,1,2,438
0021701151,601,PT01M19.00S,4,1610612750,MIN,201166,Brooks,A. Brooks,93,46,10,Missed,1,,,0,h,MISS Brooks 10' Jump Shot,Missed Shot,Jump Shot,1,2,439
0021701151,602,PT01M18.00S,4,1610612762,UTA,202692,Burks,A. Burks,0,0,0,,0,,,0,v,Burks REBOUND (Off:0 Def:2),Rebound,Unknown,1,0,440
0021701151,615,PT01M16.00S,4,1610612762,UTA,202692,Burks,A. Burks,0,0,0,,0,,,0,v,Burks Lost Ball Turnover (P2.T16),Turnover,Lost Ball,1,0,441
0021701151,615,PT01M16.00S,4,1610612750,MIN,203476,Dieng,G. Dieng,0,0,0,,0,,,0,h,Dieng STEAL (1 STL),,,1,0,442
0021701151,603,PT01M12.00S,4,1610612750,MIN,1626148,Brown,A. Brown,-225,25,0,Made,1,95,118,213,h,Brown 3PT Jump Shot (3 PTS) (Dieng 2 AST),Made Shot,Jump Shot,1,3,443
0021701151,605,PT01M06.00S,4,1610612762,UTA,204065,Stockton,D. Stockton,-40,268,27,Made,1,95,121,216,v,Stockton 27' 3PT Jump Shot (5 PTS),Made Shot,Jump Shot,1,3,444
0021701151,606,PT00M54.50S,4,1610612750,MIN,203476,Dieng,G. Dieng,-5,9,1,Made,1,97,121,218,h,Dieng 1' Driving Dunk (2 PTS) (Brown 1 AST),Made Shot,Driving Dunk Shot,1,2,445
0021701151,608,PT00M35.80S,4,1610612762,UTA,1627777,Niang,G. Niang,-60,260,27,Missed,1,,,0,v,MISS Niang 27' 3PT Jump Shot,Missed Shot,Jump Shot,1,3,446
0021701151,609,PT00M31.30S,4,1610612750,MIN,201166,Brooks,A. Brooks,0,0,0,,0,,,0,h,Brooks REBOUND (Off:1 Def:1),Rebound,Unknown,1,0,447
0021701151,610,PT00M27.40S,4,1610612750,MIN,201166,Brooks,A. Brooks,12,279,28,Missed,1,,,0,h,MISS Brooks 28' 3PT Jump Shot,Missed Shot,Jump Shot,1,3,448
0021701151,611,PT00M24.90S,4,1610612762,UTA,1627777,Niang,G. Niang,0,0,0,,0,,,0,v,Niang REBOUND (Off:1 Def:1),Rebound,Unknown,1,0,449
0021701151,612,PT00M01.90S,4,0,,1610612762,,,0,0,0,,0,,,0,v,Jazz Turnover: Shot Clock (T#17),Turnover,Shot Clock Turnover,0,0,450
0021701151,613,PT00M00.00S,4,0,,0,,,0,0,0,,0,97,121,218,,End of 4th Period (9:14 PM EST),period,end,1,0,451
