gameId,actionNumber,clock,period,teamId,teamTricode,personId,playerName,playerNameI,xLegacy,yLegacy,shotDistance,shotResult,isFieldGoal,scoreHome,scoreAway,pointsTotal,location,description,actionType,subType,videoAvailable,shotValue,actionId
0021900550,2,PT12M00.00S,1,0,,0,,,0,0,0,,0,0,0,0,,Start of 1st Period (7:42 PM EST),period,start,0,0,1
0021900550,4,PT12M00.00S,1,1610612751,BKN,1628386,Allen,J. Allen,0,0,0,,0,,,0,h,Jump Ball Allen vs. Adams: Tip to Gilgeous-Alexander,Jump Ball,,1,0,2
0021900550,7,PT11M40.00S,1,1610612751,BKN,1628386,Allen,J. Allen,0,0,0,,0,,,0,h,Allen S.FOUL (P1.T1) (M.Kogut),Foul,Shooting,1,0,3
0021900550,9,PT11M40.00S,1,1610612760,OKC,203500,Adams,S. Adams,0,0,0,,0,,,0,v,MISS Adams Free Throw 1 of 2,Free Throw,Free Throw 1 of 2,1,0,4
0021900550,10,PT11M40.00S,1,0,,1610612760,,,0,0,0,,0,,,0,v,Thunder Rebound,Rebound,Normal Rebound,0,0,5
0021900550,11,PT11M40.00S,1,1610612760,OKC,203500,Adams,S. Adams,0,0,0,,0,,,0,v,MISS Adams Free Throw 2 of 2,Free Throw,Free Throw 2 of 2,1,0,6
0021900550,12,PT11M37.00S,1,1610612751,BKN,1627752,Prince,T. Prince,0,0,0,,0,,,0,h,Prince REBOUND (Off:0 Def:1),Rebound,Unknown,1,0,7
0021900550,13,PT11M23.00S,1,1610612751,BKN,1629066,Kurucs,R. Kurucs,0,5,1,Made,1,2,0,2,h,Kurucs 1' Driving Layup (2 PTS) (Dinwiddie 1 AST),Made Shot,Driving Layup Shot,1,2,8
0021900550,15,PT11M05.00S,1,1610612760,OKC,1629647,Bazley,D. Bazley,67,241,25,Missed,1,,,0,v,MISS Bazley 25' 3PT Jump Shot,Missed Shot,Jump Shot,1,3,9
0021900550,16,PT11M02.00S,1,1610612751,BKN,203925,Harris,J. Harris,0,0,0,,0,,,0,h,Harris REBOUND (Off:0 Def:1),Rebound,Unknown,1,0,10
0021900550,17,PT10M54.00S,1,1610612751,BKN,1627752,Prince,T. Prince,188,168,25,Made,1,5,0,5,h,Prince 25' 3PT Jump Shot (3 PTS) (Kurucs 1 AST),Made Shot,Jump Shot,1,3,11
0021900550,19,PT10M34.00S,1,1610612760,OKC,1629647,Bazley,D. Bazley,-223,-13,0,Made,1,5,3,8,v,Bazley 3PT Jump Shot (3 PTS) (Gilgeous-Alexander 1 AST),Made Shot,Jump Shot,1,3,12
0021900550,21,PT10M16.00S,1,1610612751,BKN,1628386,Allen,J. Allen,230,8,0,Missed,1,,,0,h,MISS Allen 3PT Jump Shot,Missed Shot,Jump Shot,1,3,13
0021900550,22,PT10M12.00S,1,1610612760,OKC,203500,Adams,S. Adams,0,0,0,,0,,,0,v,Adams REBOUND (Off:0 Def:1),Rebound,Unknown,1,0,14
0021900550,23,PT10M04.00S,1,1610612760,OKC,1629647,Bazley,D. Bazley,230,24,0,Missed,1,,,0,v,MISS Bazley 3PT Jump Shot,Missed Shot,Jump Shot,1,3,15
0021900550,24,PT09M59.00S,1,1610612751,BKN,203925,Harris,J. Harris,0,0,0,,0,,,0,h,Harris REBOUND (Off:0 Def:2),Rebound,Unknown,1,0,16
0021900550,25,PT09M44.00S,1,1610612751,BKN,203925,Harris,J. Harris,95,221,24,Missed,1,,,0,h,MISS Harris 24' 3PT Pullup Jump Shot,Missed Shot,Pullup Jump shot,1,3,17
0021900550,26,PT09M42.00S,1,1610612760,OKC,1629647,Bazley,D. Bazley,0,0,0,,0,,,0,v,Bazley REBOUND (Off:0 Def:1),Rebound,Unknown,1,0,18
0021900550,27,PT09M36.00S,1,1610612760,OKC,1628983,Gilgeous-Alexander,S. Gilgeous-Alexander,-43,122,13,Made,1,5,5,10,v,Gilgeous-Alexander 13' Driving Floating Jump Shot (2 PTS),Made Shot,Driving Floating Jump Shot,1,2,19
0021900550,28,PT09M23.00S,1,1610612751,BKN,203915,Dinwiddie,S. Dinwiddie,195,160,25,Missed,1,,,0,h,MISS Dinwiddie 25' 3PT Jump Shot,Missed Shot,Jump Shot,1,3,20
0021900550,29,PT09M18.00S,1,1610612760,OKC,101108,Paul,C. Paul,0,0,0,,0,,,0,v,Paul REBOUND (Off:0 Def:1),Rebound,Unknown,1,0,21
0021900550,30,PT09M13.00S,1,1610612751,BKN,1627752,Prince,T. Prince,0,0,0,,0,,,0,h,Prince P.FOUL (P1.T2) (M.Kogut),Foul,Personal,1,0,22
0021900550,32,PT09M04.00S,1,1610612760,OKC,1629647,Bazley,D. Bazley,81,232,25,Missed,1,,,0,v,MISS Bazley 25' 3PT Jump Shot,Missed Shot,Jump Shot,1,3,23
0021900550,33,PT08M59.00S,1,1610612760,OKC,1628983,Gilgeous-Alexander,S. Gilgeous-Alexander,0,0,0,,0,,,0,v,Gilgeous-Alexander REBOUND (Off:1 Def:0),Rebound,Unknown,1,0,24
0021900550,34,PT08M52.00S,1,1610612760,OKC,1628390,Ferguson,T. Ferguson,128,218,25,Made,1,5,8,13,v,Ferguson 25' 3PT Jump Shot (3 PTS) (Adams 1 AST),Made Shot,Jump Shot,1,3,25
0021900550,36,PT08M36.00S,1,1610612751,BKN,1627752,Prince,T. Prince,-157,206,26,Made,1,8,8,16,h,Prince 26' 3PT Pullup Jump Shot (6 PTS),Made Shot,Pullup Jump shot,1,3,26
0021900550,37,PT08M24.00S,1,1610612760,OKC,1628983,Gilgeous-Alexander,S. Gilgeous-Alexander,66,84,11,Missed,1,,,0,v,MISS Gilgeous-Alexander 11' Jump Bank Shot,Missed Shot,Jump Bank Shot,1,2,27
0021900550,38,PT08M21.00S,1,1610612760,OKC,203500,Adams,S. Adams,0,0,0,,0,,,0,v,Adams REBOUND (Off:1 Def:1),Rebound,Unknown,1,0,28
0021900550,39,PT08M18.00S,1,1610612760,OKC,1629647,Bazley,D. Bazley,-4,5,1,Missed,1,,,0,v,MISS Bazley 1' Driving Layup,Missed Shot,Driving Layup Shot,1,2,29
0021900550,39,PT08M18.00S,1,1610612751,BKN,1628386,Allen,J. Allen,0,0,0,,0,,,0,h,Allen BLOCK (1 BLK),,,1,2,30
0021900550,41,PT08M18.00S,1,0,,1610612760,,,0,0,0,,0,,,0,v,Thunder Rebound,Rebound,Unknown,0,0,31
0021900550,43,PT08M18.00S,1,1610612760,OKC,203500,Adams,S. Adams,0,0,0,,0,,,0,v,SUB: Muscala FOR Adams,Substitution,,0,0,32
0021900550,45,PT08M11.00S,1,1610612760,OKC,1628983,Gilgeous-Alexander,S. Gilgeous-Alexander,-40,88,10,Made,1,8,10,18,v,Gilgeous-Alexander 10' Driving Floating Jump Shot (4 PTS),Made Shot,Driving Floating Jump Shot,1,2,33
0021900550,46,PT08M11.00S,1,1610612751,BKN,1629066,Kurucs,R. Kurucs,0,0,0,,0,,,0,h,Kurucs S.FOUL (P1.T3) (J.Orr),Foul,Shooting,1,0,34
0021900550,48,PT08M11.00S,1,1610612760,OKC,1628983,Gilgeous-Alexander,S. Gilgeous-Alexander,0,0,0,,0,8,11,19,v,Gilgeous-Alexander Free Throw 1 of 1 (5 PTS),Free Throw,Free Throw 1 of 1,1,0,35
0021900550,49,PT07M53.00S,1,1610612751,BKN,1628386,Allen,J. Allen,2,7,1,Made,1,10,11,21,h,Allen 1' Cutting Dunk Shot (2 PTS) (Kurucs 2 AST),Made Shot,Cutting Dunk Shot,1,2,36
0021900550,51,PT07M31.00S,1,1610612760,OKC,1628983,Gilgeous-Alexander,S. Gilgeous-Alexander,20,9,2,Missed,1,,,0,v,MISS Gilgeous-Alexander 2' Driving Finger Roll Layup,Missed Shot,Driving Finger Roll Layup Shot,1,2,37
0021900550,52,PT07M29.00S,1,1610612751,BKN,1629066,Kurucs,R. Kurucs,0,0,0,,0,,,0,h,Kurucs REBOUND (Off:0 Def:1),Rebound,Unknown,1,0,38
0021900550,53,PT07M25.00S,1,1610612751,BKN,1629066,Kurucs,R. Kurucs,-12,5,1,Missed,1,,,0,h,MISS Kurucs 1' Running Layup,Missed Shot,Running Layup Shot,1,2,39
0021900550,54,PT07M21.00S,1,1610612760,OKC,203488,Muscala,M. Muscala,0,0,0,,0,,,0,v,Muscala REBOUND (Off:0 Def:1),Rebound,Unknown,1,0,40
0021900550,55,PT07M18.00S,1,1610612760,OKC,101108,Paul,C. Paul,-5,261,26,Made,1,10,14,24,v,Paul 26' 3PT Pullup Jump Shot (3 PTS),Made Shot,Pullup Jump shot,1,3,41
0021900550,56,PT07M02.00S,1,1610612751,BKN,1627752,Prince,T. Prince,228,20,0,Made,1,13,14,27,h,Prince 3PT Jump Shot (9 PTS) (Allen 1 AST),Made Shot,Jump Shot,1,3,42
0021900550,58,PT06M46.00S,1,1610612760,OKC,1629647,Bazley,D. Bazley,8,72,7,Missed,1,,,0,v,MISS Bazley 7' Driving Layup,Missed Shot,Driving Layup Shot,1,2,43
0021900550,58,PT06M46.00S,1,1610612751,BKN,1627752,Prince,T. Prince,0,0,0,,0,,,0,h,Prince BLOCK (1 BLK),,,1,2,44
0021900550,60,PT06M43.00S,1,1610612751,BKN,1627752,Prince,T. Prince,0,0,0,,0,,,0,h,Prince REBOUND (Off:0 Def:2),Rebound,Unknown,1,0,45
0021900550,61,PT06M38.00S,1,1610612751,BKN,1627752,Prince,T. Prince,-57,252,26,Made,1,16,14,30,h,Prince 26' 3PT Jump Shot (12 PTS) (Allen 2 AST),Made Shot,Jump Shot,1,3,46
0021900550,63,PT06M37.00S,1,0,,1610612760,,,0,0,0,,0,,,0,v,Thunder Timeout: Regular (Reg.1 Short 0),Timeout,Regular,0,0,47
0021900550,64,PT06M37.00S,1,1610612760,OKC,1629647,Bazley,D. Bazley,0,0,0,,0,,,0,v,SUB: Nader FOR Bazley,Substitution,,0,0,48
0021900550,66,PT06M19.00S,1,1610612760,OKC,203488,Muscala,M. Muscala,-5,1,1,Made,1,16,16,32,v,Muscala 1' Cutting Layup Shot (2 PTS) (Gilgeous-Alexander 2 AST),Made Shot,Cutting Layup Shot,1,2,49
0021900550,68,PT06M04.00S,1,1610612751,BKN,1628386,Allen,J. Allen,-2,1,0,Missed,1,,,0,h,MISS Allen Cutting Layup Shot,Missed Shot,Cutting Layup Shot,1,2,50
0021900550,68,PT06M04.00S,1,1610612760,OKC,1628390,Ferguson,T. Ferguson,0,0,0,,0,,,0,v,Ferguson BLOCK (1 BLK),,,1,2,51
0021900550,70,PT06M02.00S,1,1610612760,OKC,203488,Muscala,M. Muscala,0,0,0,,0,,,0,v,Muscala REBOUND (Off:0 Def:2),Rebound,Unknown,1,0,52
0021900550,71,PT05M41.00S,1,1610612760,OKC,1628983,Gilgeous-Alexander,S. Gilgeous-Alexander,142,221,26,Missed,1,,,0,v,MISS Gilgeous-Alexander 26' 3PT Jump Shot,Missed Shot,Jump Shot,1,3,53
0021900550,72,PT05M38.00S,1,1610612751,BKN,1628386,Allen,J. Allen,0,0,0,,0,,,0,h,Allen REBOUND (Off:0 Def:1),Rebound,Unknown,1,0,54
0021900550,73,PT05M30.00S,1,1610612760,OKC,1627846,Nader,A. Nader,0,0,0,,0,,,0,v,Nader P.FOUL (P1.T1) (J.Orr),Foul,Personal,1,0,55
0021900550,75,PT05M30.00S,1,1610612751,BKN,1629066,Kurucs,R. Kurucs,0,0,0,,0,,,0,h,SUB: Jordan FOR Kurucs,Substitution,,0,0,56
0021900550,76,PT05M30.00S,1,1610612751,BKN,1628386,Allen,J. Allen,0,0,0,,0,,,0,h,SUB: Temple FOR Allen,Substitution,,0,0,57
0021900550,77,PT05M30.00S,1,1610612760,OKC,101108,Paul,C. Paul,0,0,0,,0,,,0,v,SUB: Schroder FOR Paul,Substitution,,0,0,58
0021900550,81,PT05M22.00S,1,1610612751,BKN,203925,Harris,J. Harris,-47,12,5,Missed,1,,,0,h,MISS Harris 5' Driving Layup,Missed Shot,Driving Layup Shot,1,2,59
0021900550,82,PT05M19.00S,1,1610612751,BKN,203925,Harris,J. Harris,0,0,0,,0,,,0,h,Harris REBOUND (Off:1 Def:2),Rebound,Unknown,1,0,60
0021900550,83,PT05M15.00S,1,1610612751,BKN,1627752,Prince,T. Prince,-25,126,13,Made,1,18,16,34,h,Prince 13' Fadeaway Jumper (14 PTS),Made Shot,Fadeaway Jump Shot,1,2,61
0021900550,84,PT05M04.00S,1,1610612760,OKC,203488,Muscala,M. Muscala,3,188,19,Made,1,18,18,36,v,Muscala 19' Jump Shot (4 PTS) (Schroder 1 AST),Made Shot,Jump Shot,1,2,62
0021900550,86,PT04M50.00S,1,1610612751,BKN,1627752,Prince,T. Prince,-8,105,11,Missed,1,,,0,h,MISS Prince 11' Fadeaway Jumper,Missed Shot,Fadeaway Jump Shot,1,2,63
0021900550,87,PT04M46.00S,1,1610612760,OKC,203471,Schröder,D. Schröder,0,0,0,,0,,,0,v,Schroder REBOUND (Off:0 Def:1),Rebound,Unknown,1,0,64
0021900550,88,PT04M41.00S,1,1610612760,OKC,203488,Muscala,M. Muscala,78,63,10,Missed,1,,,0,v,MISS Muscala 10' Driving Floating Jump Shot,Missed Shot,Driving Floating Jump Shot,1,2,65
0021900550,89,PT04M39.00S,1,1610612751,BKN,1627752,Prince,T. Prince,0,0,0,,0,,,0,h,Prince REBOUND (Off:0 Def:3),Rebound,Unknown,1,0,66
0021900550,90,PT04M32.00S,1,1610612751,BKN,202066,Temple,G. Temple,-87,239,25,Made,1,21,18,39,h,Temple 25' 3PT Jump Shot (3 PTS) (Prince 1 AST),Made Shot,Jump Shot,1,3,67
0021900550,92,PT04M18.00S,1,1610612760,OKC,203488,Muscala,M. Muscala,112,237,26,Missed,1,,,0,v,MISS Muscala 26' 3PT Jump Shot,Missed Shot,Jump Shot,1,3,68
0021900550,93,PT04M15.00S,1,1610612751,BKN,201599,Jordan,D. Jordan,0,0,0,,0,,,0,h,Jordan REBOUND (Off:0 Def:1),Rebound,Unknown,1,0,69
0021900550,94,PT04M04.00S,1,1610612751,BKN,1627752,Prince,T. Prince,0,0,0,,0,,,0,h,Prince Lost Ball Turnover (P1.T1),Turnover,Lost Ball,1,0,70
0021900550,94,PT04M04.00S,1,1610612760,OKC,1627846,Nader,A. Nader,0,0,0,,0,,,0,v,Nader STEAL (1 STL),,,1,0,71
0021900550,96,PT04M00.00S,1,1610612760,OKC,1627846,Nader,A. Nader,9,14,2,Made,1,21,20,41,v,Nader 2' Running Layup (2 PTS),Made Shot,Running Layup Shot,1,2,72
0021900550,97,PT03M43.00S,1,1610612751,BKN,201599,Jordan,D. Jordan,0,0,0,,0,,,0,h,Jordan Bad Pass Turnover (P1.T2),Turnover,Bad Pass,1,0,73
0021900550,97,PT03M43.00S,1,1610612760,OKC,1628983,Gilgeous-Alexander,S. Gilgeous-Alexander,0,0,0,,0,,,0,v,Gilgeous-Alexander STEAL (1 STL),,,1,0,74
0021900550,99,PT03M33.00S,1,1610612760,OKC,203471,Schröder,D. Schröder,0,0,0,,0,,,0,v,Schroder Lost Ball Turnover (P1.T1),Turnover,Lost Ball,1,0,75
0021900550,99,PT03M33.00S,1,1610612751,BKN,203925,Harris,J. Harris,0,0,0,,0,,,0,h,Harris STEAL (1 STL),,,1,0,76
0021900550,101,PT03M25.00S,1,1610612751,BKN,203915,Dinwiddie,S. Dinwiddie,232,4,0,Missed,1,,,0,h,MISS Dinwiddie 3PT Jump Shot,Missed Shot,Jump Shot,1,3,77
0021900550,102,PT03M20.00S,1,1610612760,OKC,203471,Schröder,D. Schröder,0,0,0,,0,,,0,v,Schroder REBOUND (Off:0 Def:2),Rebound,Unknown,1,0,78
0021900550,103,PT03M14.00S,1,1610612760,OKC,1628983,Gilgeous-Alexander,S. Gilgeous-Alexander,5,31,3,Made,1,21,22,43,v,Gilgeous-Alexander 3' Driving Floating Jump Shot (7 PTS),Made Shot,Driving Floating Jump Shot,1,2,79
0021900550,104,PT03M14.00S,1,0,,1610612751,,,0,0,0,,0,,,0,h,NETS Timeout: Regular (Full 1 Short 0),Timeout,Regular,0,0,80
0021900550,105,PT03M14.00S,1,1610612751,BKN,1627752,Prince,T. Prince,0,0,0,,0,,,0,h,SUB: Chandler FOR Prince,Substitution,,0,0,81
0021900550,106,PT03M14.00S,1,1610612751,BKN,203915,Dinwiddie,S. Dinwiddie,0,0,0,,0,,,0,h,SUB: Luwawu-Cabarrot FOR Dinwiddie,Substitution,,0,0,82
0021900550,107,PT03M14.00S,1,1610612751,BKN,203925,Harris,J. Harris,0,0,0,,0,,,0,h,SUB: LeVert FOR Harris,Substitution,,0,0,83
0021900550,108,PT03M14.00S,1,1610612760,OKC,1628983,Gilgeous-Alexander,S. Gilgeous-Alexander,0,0,0,,0,,,0,v,SUB: Burton FOR Gilgeous-Alexander,Substitution,,0,0,84
0021900550,109,PT03M14.00S,1,1610612760,OKC,1628390,Ferguson,T. Ferguson,0,0,0,,0,,,0,v,SUB: Diallo FOR Ferguson,Substitution,,0,0,85
0021900550,115,PT03M03.00S,1,1610612751,BKN,202066,Temple,G. Temple,113,217,24,Missed,1,,,0,h,MISS Temple 24' 3PT Jump Shot,Missed Shot,Jump Shot,1,3,86
0021900550,116,PT03M00.00S,1,1610612760,OKC,203488,Muscala,M. Muscala,0,0,0,,0,,,0,v,Muscala REBOUND (Off:0 Def:3),Rebound,Unknown,1,0,87
0021900550,117,PT02M43.00S,1,1610612760,OKC,1629126,Burton,D. Burton,20,10,2,Made,1,21,24,45,v,Burton 2' Driving Layup (2 PTS) (Schroder 2 AST),Made Shot,Driving Layup Shot,1,2,88
0021900550,120,PT02M23.00S,1,1610612751,BKN,202066,Temple,G. Temple,0,0,0,,0,,,0,h,Temple Bad Pass Turnover (P1.T3),Turnover,Bad Pass,1,0,89
0021900550,120,PT02M23.00S,1,1610612760,OKC,203488,Muscala,M. Muscala,0,0,0,,0,,,0,v,Muscala STEAL (1 STL),,,1,0,90
0021900550,122,PT02M17.00S,1,1610612760,OKC,1628977,Diallo,H. Diallo,0,13,1,Missed,1,,,0,v,MISS Diallo 1' Running Layup,Missed Shot,Running Layup Shot,1,2,91
0021900550,123,PT02M15.00S,1,1610612751,BKN,1627747,LeVert,C. LeVert,0,0,0,,0,,,0,h,LeVert REBOUND (Off:0 Def:1),Rebound,Unknown,1,0,92
0021900550,124,PT02M12.00S,1,1610612751,BKN,201163,Chandler,W. Chandler,-145,210,26,Missed,1,,,0,h,MISS Chandler 26' 3PT Jump Shot,Missed Shot,Jump Shot,1,3,93
0021900550,125,PT02M09.00S,1,1610612760,OKC,203488,Muscala,M. Muscala,0,0,0,,0,,,0,v,Muscala REBOUND (Off:0 Def:4),Rebound,Unknown,1,0,94
0021900550,126,PT02M05.00S,1,1610612760,OKC,1629126,Burton,D. Burton,0,0,0,,0,,,0,v,Burton Offensive Charge Foul (P1.T2) (J.Orr),Foul,Offensive Charge,1,0,95
0021900550,128,PT02M05.00S,1,1610612760,OKC,1629126,Burton,D. Burton,0,0,0,,0,,,0,v,Burton Offensive Foul Turnover (P1.T2),Turnover,Offensive Foul Turnover,1,0,96
0021900550,129,PT02M05.00S,1,1610612760,OKC,203488,Muscala,M. Muscala,0,0,0,,0,,,0,v,SUB: Adams FOR Muscala,Substitution,,0,0,97
0021900550,131,PT01M52.00S,1,1610612751,BKN,202066,Temple,G. Temple,-30,257,26,Missed,1,,,0,h,MISS Temple 26' 3PT Jump Shot,Missed Shot,Jump Shot,1,3,98
0021900550,132,PT01M48.00S,1,1610612760,OKC,1629126,Burton,D. Burton,0,0,0,,0,,,0,v,Burton REBOUND (Off:0 Def:1),Rebound,Unknown,1,0,99
0021900550,133,PT01M38.00S,1,1610612760,OKC,1629126,Burton,D. Burton,110,222,25,Missed,1,,,0,v,MISS Burton 25' 3PT Jump Shot,Missed Shot,Jump Shot,1,3,100
0021900550,134,PT01M34.00S,1,1610612751,BKN,201599,Jordan,D. Jordan,0,0,0,,0,,,0,h,Jordan REBOUND (Off:0 Def:2),Rebound,Unknown,1,0,101
0021900550,135,PT01M30.00S,1,1610612751,BKN,1627789,Luwawu-Cabarrot,T. Luwawu-Cabarrot,-20,1,2,Made,1,23,24,47,h,Luwawu-Cabarrot 2' Running Finger Roll Layup (2 PTS),Made Shot,Running Finger Roll Layup Shot,1,2,102
0021900550,136,PT01M17.00S,1,1610612760,OKC,1627846,Nader,A. Nader,52,157,17,Missed,1,,,0,v,MISS Nader 17' Pullup Jump Shot,Missed Shot,Pullup Jump shot,1,2,103
0021900550,137,PT01M14.00S,1,1610612751,BKN,201599,Jordan,D. Jordan,0,0,0,,0,,,0,h,Jordan REBOUND (Off:0 Def:3),Rebound,Unknown,1,0,104
0021900550,138,PT01M04.00S,1,1610612751,BKN,201599,Jordan,D. Jordan,0,0,0,,0,,,0,h,Jordan Bad Pass Turnover (P2.T4),Turnover,Bad Pass,1,0,105
0021900550,138,PT01M04.00S,1,1610612760,OKC,1627846,Nader,A. Nader,0,0,0,,0,,,0,v,Nader STEAL (2 STL),,,1,0,106
0021900550,140,PT01M03.00S,1,1610612760,OKC,1627846,Nader,A. Nader,0,0,0,,0,,,0,v,Nader Out of Bounds Lost Ball Turnover (P1.T3),Turnover,Out of Bounds Lost Ball Turnover,1,0,107
0021900550,141,PT00M52.00S,1,1610612751,BKN,1627747,LeVert,C. LeVert,-130,220,26,Missed,1,,,0,h,MISS LeVert 26' 3PT Jump Shot,Missed Shot,Jump Shot,1,3,108
0021900550,142,PT00M48.40S,1,1610612760,OKC,1628977,Diallo,H. Diallo,0,0,0,,0,,,0,v,Diallo REBOUND (Off:0 Def:1),Rebound,Unknown,1,0,109
0021900550,143,PT00M32.90S,1,1610612760,OKC,203471,Schröder,D. Schröder,19,247,25,Made,1,23,27,50,v,Schroder 25' 3PT Jump Shot (3 PTS),Made Shot,Jump Shot,1,3,110
0021900550,144,PT00M25.30S,1,1610612751,BKN,1627747,LeVert,C. LeVert,-73,125,14,Missed,1,,,0,h,MISS LeVert 14' Floating Jump Shot,Missed Shot,Floating Jump shot,1,2,111
0021900550,145,PT00M22.40S,1,1610612760,OKC,1628977,Diallo,H. Diallo,0,0,0,,0,,,0,v,Diallo REBOUND (Off:0 Def:2),Rebound,Unknown,1,0,112
0021900550,146,PT00M00.80S,1,1610612760,OKC,1628977,Diallo,H. Diallo,29,53,6,Missed,1,,,0,v,MISS Diallo 6' Driving Layup,Missed Shot,Driving Layup Shot,1,2,113
0021900550,146,PT00M00.80S,1,1610612751,BKN,201163,Chandler,W. Chandler,0,0,0,,0,,,0,h,Chandler BLOCK (1 BLK),,,1,2,114
0021900550,148,PT00M00.80S,1,1610612751,BKN,201163,Chandler,W. Chandler,0,0,0,,0,,,0,h,Chandler REBOUND (Off:0 Def:1),Rebound,Unknown,1,0,115
0021900550,149,PT00M00.00S,1,0,,0,,,0,0,0,,0,23,27,50,,End of 1st Period (8:03 PM EST),period,end,1,0,116
0021900550,150,PT12M00.00S,2,0,,0,,,0,0,0,,0,23,27,50,,Start of 2nd Period (8:06 PM EST),period,start,0,0,117
0021900550,151,PT11M42.00S,2,1610612751,BKN,1627747,LeVert,C. LeVert,0,0,0,,0,,,0,h,LeVert Step Out of Bounds Turnover (P1.T5),Turnover,Step Out of Bounds Turnover,1,0,118
0021900550,152,PT11M23.00S,2,1610612760,OKC,1629126,Burton,D. Burton,-37,124,13,Missed,1,,,0,v,MISS Burton 13' Pullup Jump Shot,Missed Shot,Pullup Jump shot,1,2,119
0021900550,153,PT11M19.00S,2,1610612751,BKN,201599,Jordan,D. Jordan,0,0,0,,0,,,0,h,Jordan REBOUND (Off:0 Def:4),Rebound,Unknown,1,0,120
0021900550,187,PT11M09.00S,2,1610612751,BKN,202066,Temple,G. Temple,0,0,0,,0,,,0,h,Temple Lost Ball Turnover (P2.T6),Turnover,Lost Ball,1,0,121
0021900550,187,PT11M09.00S,2,1610612760,OKC,1629126,Burton,D. Burton,0,0,0,,0,,,0,v,Burton STEAL (1 STL),,,1,0,122
0021900550,156,PT11M03.00S,2,1610612760,OKC,1628977,Diallo,H. Diallo,13,55,6,Missed,1,,,0,v,MISS Diallo 6' Driving Layup,Missed Shot,Driving Layup Shot,1,2,123
0021900550,157,PT11M01.00S,2,1610612751,BKN,201163,Chandler,W. Chandler,0,0,0,,0,,,0,h,Chandler REBOUND (Off:0 Def:2),Rebound,Unknown,1,0,124
0021900550,158,PT10M56.00S,2,1610612751,BKN,201163,Chandler,W. Chandler,-9,54,5,Made,1,25,27,52,h,Chandler 5' Driving Floating Jump Shot (2 PTS),Made Shot,Driving Floating Jump Shot,1,2,125
0021900550,159,PT10M41.00S,2,1610612760,OKC,203500,Adams,S. Adams,-5,119,12,Made,1,25,29,54,v,Adams 12' Floating Jump Shot (2 PTS) (Schroder 3 AST),Made Shot,Floating Jump shot,1,2,126
0021900550,161,PT10M27.00S,2,1610612760,OKC,1628977,Diallo,H. Diallo,0,0,0,,0,,,0,v,Diallo S.FOUL (P1.T1) (S.Foster),Foul,Shooting,1,0,127
0021900550,163,PT10M27.00S,2,1610612751,BKN,1627747,LeVert,C. LeVert,0,0,0,,0,,,0,h,MISS LeVert Free Throw 1 of 2,Free Throw,Free Throw 1 of 2,1,0,128
0021900550,164,PT10M27.00S,2,0,,1610612751,,,0,0,0,,0,,,0,h,NETS Rebound,Rebound,Normal Rebound,0,0,129
0021900550,165,PT10M27.00S,2,1610612760,OKC,1628977,Diallo,H. Diallo,0,0,0,,0,,,0,v,SUB: Gilgeous-Alexander FOR Diallo,Substitution,,0,0,130
0021900550,166,PT10M27.00S,2,1610612760,OKC,1627846,Nader,A. Nader,0,0,0,,0,,,0,v,SUB: Paul FOR Nader,Substitution,,0,0,131
0021900550,169,PT10M27.00S,2,1610612751,BKN,1627747,LeVert,C. LeVert,0,0,0,,0,,,0,h,MISS LeVert Free Throw 2 of 2,Free Throw,Free Throw 2 of 2,1,0,132
0021900550,170,PT10M23.00S,2,1610612751,BKN,1627747,LeVert,C. LeVert,0,0,0,,0,,,0,h,LeVert REBOUND (Off:1 Def:1),Rebound,Unknown,1,0,133
0021900550,171,PT10M20.00S,2,1610612751,BKN,1627747,LeVert,C. LeVert,41,17,4,Missed,1,,,0,h,MISS LeVert 4' Pullup Jump Shot,Missed Shot,Pullup Jump shot,1,2,134
0021900550,172,PT10M17.00S,2,1610612760,OKC,203500,Adams,S. Adams,0,0,0,,0,,,0,v,Adams REBOUND (Off:1 Def:2),Rebound,Unknown,1,0,135
0021900550,174,PT10M08.00S,2,1610612760,OKC,203471,Schröder,D. Schröder,-3,16,2,Missed,1,,,0,v,MISS Schroder 2' Driving Layup,Missed Shot,Driving Layup Shot,1,2,136
0021900550,174,PT10M08.00S,2,1610612751,BKN,202066,Temple,G. Temple,0,0,0,,0,,,0,h,Temple BLOCK (1 BLK),,,1,2,137
0021900550,176,PT10M06.00S,2,1610612751,BKN,201599,Jordan,D. Jordan,0,0,0,,0,,,0,h,Jordan REBOUND (Off:0 Def:5),Rebound,Unknown,1,0,138
0021900550,177,PT09M57.00S,2,1610612751,BKN,1627789,Luwawu-Cabarrot,T. Luwawu-Cabarrot,-17,1,2,Missed,1,,,0,h,MISS Luwawu-Cabarrot 2' Driving Layup,Missed Shot,Driving Layup Shot,1,2,139
0021900550,178,PT09M54.00S,2,1610612760,OKC,203500,Adams,S. Adams,0,0,0,,0,,,0,v,Adams REBOUND (Off:1 Def:3),Rebound,Unknown,1,0,140
0021900550,179,PT09M39.00S,2,1610612760,OKC,203471,Schröder,D. Schröder,-10,140,14,Missed,1,,,0,v,MISS Schroder 14' Pullup Jump Shot,Missed Shot,Pullup Jump shot,1,2,141
0021900550,180,PT09M36.00S,2,1610612760,OKC,1629126,Burton,D. Burton,0,0,0,,0,,,0,v,Burton REBOUND (Off:1 Def:1),Rebound,Unknown,1,0,142
0021900550,181,PT09M35.00S,2,1610612760,OKC,1628983,Gilgeous-Alexander,S. Gilgeous-Alexander,0,0,0,,0,,,0,v,Gilgeous-Alexander Traveling Turnover (P1.T4),Turnover,Traveling,1,0,143
0021900550,182,PT09M35.00S,2,1610612760,OKC,203471,Schröder,D. Schröder,0,0,0,,0,,,0,v,SUB: Ferguson FOR Schroder,Substitution,,0,0,144
0021900550,184,PT09M30.00S,2,1610612751,BKN,201163,Chandler,W. Chandler,0,0,0,,0,,,0,h,Chandler OFF.Foul (P1) (S.Foster),Foul,Offensive,1,0,145
0021900550,186,PT09M30.00S,2,1610612751,BKN,201163,Chandler,W. Chandler,0,0,0,,0,,,0,h,Chandler Offensive Foul Turnover (P1.T7),Turnover,Offensive Foul Turnover,1,0,146
0021900550,189,PT09M14.00S,2,1610612751,BKN,1627789,Luwawu-Cabarrot,T. Luwawu-Cabarrot,0,0,0,,0,,,0,h,Jump Ball Luwawu-Cabarrot vs. Burton: Tip to Gilgeous-Alexander,Jump Ball,,1,0,147
0021900550,192,PT09M09.00S,2,1610612760,OKC,1628983,Gilgeous-Alexander,S. Gilgeous-Alexander,-4,138,14,Missed,1,,,0,v,MISS Gilgeous-Alexander 14' Pullup Jump Shot,Missed Shot,Pullup Jump shot,1,2,148
0021900550,193,PT09M06.00S,2,1610612760,OKC,203500,Adams,S. Adams,0,0,0,,0,,,0,v,Adams REBOUND (Off:2 Def:3),Rebound,Unknown,1,0,149
0021900550,194,PT08M58.00S,2,1610612760,OKC,203500,Adams,S. Adams,40,105,11,Made,1,25,31,56,v,Adams 11' Floating Jump Shot (4 PTS) (Ferguson 1 AST),Made Shot,Floating Jump shot,1,2,150
0021900550,196,PT08M40.00S,2,1610612751,BKN,1627789,Luwawu-Cabarrot,T. Luwawu-Cabarrot,0,0,0,,0,,,0,h,Luwawu-Cabarrot Bad Pass Turnover (P1.T8),Turnover,Bad Pass,1,0,151
0021900550,196,PT08M40.00S,2,1610612760,OKC,1629126,Burton,D. Burton,0,0,0,,0,,,0,v,Burton STEAL (2 STL),,,1,0,152
0021900550,198,PT08M35.00S,2,1610612760,OKC,1628390,Ferguson,T. Ferguson,-13,5,1,Made,1,25,33,58,v,Ferguson 1' Driving Layup (5 PTS) (Burton 1 AST),Made Shot,Driving Layup Shot,1,2,153
0021900550,199,PT08M16.00S,2,1610612751,BKN,1627747,LeVert,C. LeVert,-106,110,15,Made,1,27,33,60,h,LeVert 15' Pullup Jump Shot (2 PTS),Made Shot,Pullup Jump shot,1,2,154
0021900550,201,PT08M03.00S,2,1610612760,OKC,101108,Paul,C. Paul,0,0,0,,0,,,0,v,Paul Out of Bounds - Bad Pass Turnover Turnover (P1.T5),Turnover,Out of Bounds - Bad Pass Turnover,1,0,155
0021900550,202,PT08M03.00S,2,1610612751,BKN,1627789,Luwawu-Cabarrot,T. Luwawu-Cabarrot,0,0,0,,0,,,0,h,SUB: Harris FOR Luwawu-Cabarrot,Substitution,,0,0,156
0021900550,203,PT08M03.00S,2,1610612760,OKC,203500,Adams,S. Adams,0,0,0,,0,,,0,v,SUB: Muscala FOR Adams,Substitution,,0,0,157
0021900550,206,PT07M46.00S,2,1610612751,BKN,1627747,LeVert,C. LeVert,-7,6,1,Missed,1,,,0,h,MISS LeVert 1' Driving Layup,Missed Shot,Driving Layup Shot,1,2,158
0021900550,207,PT07M42.00S,2,1610612751,BKN,201599,Jordan,D. Jordan,0,0,0,,0,,,0,h,Jordan REBOUND (Off:1 Def:5),Rebound,Unknown,1,0,159
0021900550,208,PT07M42.00S,2,1610612751,BKN,201599,Jordan,D. Jordan,0,-6,1,Missed,1,,,0,h,MISS Jordan 1' Tip Layup Shot,Missed Shot,Tip Layup Shot,1,2,160
0021900550,209,PT07M40.00S,2,1610612751,BKN,201599,Jordan,D. Jordan,0,0,0,,0,,,0,h,Jordan REBOUND (Off:2 Def:5),Rebound,Unknown,1,0,161
0021900550,210,PT07M40.00S,2,1610612751,BKN,201599,Jordan,D. Jordan,0,-6,1,Made,1,29,33,62,h,Jordan 1' Tip Layup Shot (2 PTS),Made Shot,Tip Layup Shot,1,2,162
0021900550,211,PT07M32.00S,2,1610612760,OKC,203488,Muscala,M. Muscala,33,252,25,Missed,1,,,0,v,MISS Muscala 25' 3PT Jump Shot,Missed Shot,Jump Shot,1,3,163
0021900550,212,PT07M30.00S,2,1610612751,BKN,203925,Harris,J. Harris,0,0,0,,0,,,0,h,Harris REBOUND (Off:1 Def:3),Rebound,Unknown,1,0,164
0021900550,213,PT07M14.00S,2,1610612751,BKN,1627747,LeVert,C. LeVert,16,109,11,Missed,1,,,0,h,MISS LeVert 11' Turnaround Fadeaway Shot,Missed Shot,Turnaround Fadeaway shot,1,2,165
0021900550,214,PT07M13.00S,2,0,,1610612760,,,0,0,0,,0,,,0,v,Thunder Rebound,Rebound,Unknown,0,0,166
0021900550,215,PT07M13.00S,2,1610612751,BKN,201599,Jordan,D. Jordan,0,0,0,,0,,,0,h,Jordan L.B.FOUL (P1.T1) (S.Foster),Foul,Loose Ball,1,0,167
0021900550,217,PT07M13.00S,2,1610612751,BKN,201599,Jordan,D. Jordan,0,0,0,,0,,,0,h,SUB: Dinwiddie FOR Jordan,Substitution,,0,0,168
0021900550,218,PT07M13.00S,2,1610612751,BKN,202066,Temple,G. Temple,0,0,0,,0,,,0,h,SUB: Allen FOR Temple,Substitution,,0,0,169
0021900550,219,PT07M13.00S,2,1610612760,OKC,1629126,Burton,D. Burton,0,0,0,,0,,,0,v,SUB: Nader FOR Burton,Substitution,,0,0,170
0021900550,223,PT06M57.00S,2,1610612760,OKC,101108,Paul,C. Paul,-91,236,25,Missed,1,,,0,v,MISS Paul 25' 3PT Pullup Jump Shot,Missed Shot,Pullup Jump shot,1,3,171
0021900550,224,PT06M53.00S,2,1610612751,BKN,203915,Dinwiddie,S. Dinwiddie,0,0,0,,0,,,0,h,Dinwiddie REBOUND (Off:0 Def:1),Rebound,Unknown,1,0,172
0021900550,225,PT06M52.00S,2,1610612760,OKC,101108,Paul,C. Paul,0,0,0,,0,,,0,v,Paul P.FOUL (P1.T2) (S.Foster),Foul,Personal,1,0,173
0021900550,227,PT06M52.00S,2,0,,1610612751,,,0,0,0,,0,,,0,h,NETS Timeout: Regular (Full 2 Short 0),Timeout,Regular,0,0,174
0021900550,228,PT06M52.00S,2,1610612751,BKN,201163,Chandler,W. Chandler,0,0,0,,0,,,0,h,SUB: Prince FOR Chandler,Substitution,,0,0,175
0021900550,230,PT06M47.00S,2,1610612760,OKC,1628390,Ferguson,T. Ferguson,0,0,0,,0,,,0,v,Ferguson P.FOUL (P1.T3) (S.Foster),Foul,Personal,1,0,176
0021900550,232,PT06M38.00S,2,1610612760,OKC,1627846,Nader,A. Nader,0,0,0,,0,,,0,v,Nader P.FOUL (P2.T4) (S.Foster),Foul,Personal,1,0,177
0021900550,234,PT06M32.00S,2,1610612751,BKN,203925,Harris,J. Harris,138,212,25,Made,1,32,33,65,h,Harris 25' 3PT Jump Shot (3 PTS) (LeVert 1 AST),Made Shot,Jump Shot,1,3,178
0021900550,236,PT06M15.00S,2,1610612760,OKC,1628983,Gilgeous-Alexander,S. Gilgeous-Alexander,0,182,18,Made,1,32,35,67,v,Gilgeous-Alexander 18' Pullup Jump Shot (9 PTS) (Nader 1 AST),Made Shot,Pullup Jump shot,1,2,179
0021900550,237,PT05M59.00S,2,1610612751,BKN,203915,Dinwiddie,S. Dinwiddie,136,211,25,Missed,1,,,0,h,MISS Dinwiddie 25' 3PT Jump Shot,Missed Shot,Jump Shot,1,3,180
0021900550,238,PT05M55.00S,2,1610612760,OKC,203488,Muscala,M. Muscala,0,0,0,,0,,,0,v,Muscala REBOUND (Off:0 Def:5),Rebound,Unknown,1,0,181
0021900550,239,PT05M49.00S,2,1610612760,OKC,101108,Paul,C. Paul,63,132,15,Missed,1,,,0,v,MISS Paul 15' Step Back Jump Shot,Missed Shot,Step Back Jump shot,1,2,182
0021900550,240,PT05M46.00S,2,1610612751,BKN,203915,Dinwiddie,S. Dinwiddie,0,0,0,,0,,,0,h,Dinwiddie REBOUND (Off:0 Def:2),Rebound,Unknown,1,0,183
0021900550,241,PT05M38.00S,2,1610612751,BKN,1627747,LeVert,C. LeVert,-22,15,3,Made,1,34,35,69,h,LeVert 3' Driving Layup (4 PTS),Made Shot,Driving Layup Shot,1,2,184
0021900550,242,PT05M32.00S,2,1610612760,OKC,1628983,Gilgeous-Alexander,S. Gilgeous-Alexander,32,32,5,Made,1,34,37,71,v,Gilgeous-Alexander 5' Driving Layup (11 PTS),Made Shot,Driving Layup Shot,1,2,185
0021900550,243,PT05M32.00S,2,1610612751,BKN,203915,Dinwiddie,S. Dinwiddie,0,0,0,,0,,,0,h,Dinwiddie S.FOUL (P1.T2) (S.Foster),Foul,Shooting,1,0,186
0021900550,245,PT05M32.00S,2,1610612751,BKN,1627747,LeVert,C. LeVert,0,0,0,,0,,,0,h,SUB: Kurucs FOR LeVert,Substitution,,0,0,187
0021900550,246,PT05M32.00S,2,1610612760,OKC,101108,Paul,C. Paul,0,0,0,,0,,,0,v,SUB: Schroder FOR Paul,Substitution,,0,0,188
0021900550,249,PT05M32.00S,2,1610612760,OKC,1628983,Gilgeous-Alexander,S. Gilgeous-Alexander,0,0,0,,0,34,38,72,v,Gilgeous-Alexander Free Throw 1 of 1 (12 PTS),Free Throw,Free Throw 1 of 1,1,0,189
0021900550,250,PT05M16.00S,2,1610612760,OKC,203488,Muscala,M. Muscala,0,0,0,,0,,,0,v,Muscala S.FOUL (P1.PN) (S.Foster),Foul,Shooting,1,0,190
0021900550,253,PT05M16.00S,2,1610612751,BKN,1628386,Allen,J. Allen,0,0,0,,0,35,38,73,h,Allen Free Throw 1 of 2 (3 PTS),Free Throw,Free Throw 1 of 2,1,0,191
0021900550,254,PT05M16.00S,2,1610612751,BKN,1628386,Allen,J. Allen,0,0,0,,0,36,38,74,h,Allen Free Throw 2 of 2 (4 PTS),Free Throw,Free Throw 2 of 2,1,0,192
0021900550,255,PT05M00.00S,2,1610612760,OKC,1628983,Gilgeous-Alexander,S. Gilgeous-Alexander,0,0,0,,0,,,0,v,Gilgeous-Alexander Lost Ball Turnover (P2.T6),Turnover,Lost Ball,1,0,193
0021900550,255,PT05M00.00S,2,1610612751,BKN,203925,Harris,J. Harris,0,0,0,,0,,,0,h,Harris STEAL (2 STL),,,1,0,194
0021900550,257,PT04M57.00S,2,1610612751,BKN,203925,Harris,J. Harris,-12,5,1,Missed,1,,,0,h,MISS Harris 1' Running Layup,Missed Shot,Running Layup Shot,1,2,195
0021900550,258,PT04M57.00S,2,0,,1610612751,,,0,0,0,,0,,,0,h,NETS Rebound,Rebound,Unknown,0,0,196
0021900550,260,PT04M55.00S,2,1610612751,BKN,203925,Harris,J. Harris,233,41,24,Missed,1,,,0,h,MISS Harris 24' 3PT Jump Shot,Missed Shot,Jump Shot,1,3,197
0021900550,261,PT04M51.00S,2,1610612760,OKC,203471,Schröder,D. Schröder,0,0,0,,0,,,0,v,Schroder REBOUND (Off:0 Def:3),Rebound,Unknown,1,0,198
0021900550,262,PT04M42.00S,2,1610612760,OKC,1628983,Gilgeous-Alexander,S. Gilgeous-Alexander,-149,208,26,Missed,1,,,0,v,MISS Gilgeous-Alexander 26' 3PT Jump Shot,Missed Shot,Jump Shot,1,3,199
0021900550,263,PT04M39.00S,2,1610612760,OKC,203488,Muscala,M. Muscala,0,0,0,,0,,,0,v,Muscala REBOUND (Off:1 Def:5),Rebound,Unknown,1,0,200
0021900550,264,PT04M38.00S,2,1610612751,BKN,203925,Harris,J. Harris,0,0,0,,0,,,0,h,Harris S.FOUL (P1.T3) (S.Foster),Foul,Shooting,1,0,201
0021900550,266,PT04M38.00S,2,1610612760,OKC,203488,Muscala,M. Muscala,0,0,0,,0,36,39,75,v,Muscala Free Throw 1 of 2 (5 PTS),Free Throw,Free Throw 1 of 2,1,0,202
0021900550,267,PT04M38.00S,2,1610612760,OKC,1628983,Gilgeous-Alexander,S. Gilgeous-Alexander,0,0,0,,0,,,0,v,SUB: Diallo FOR Gilgeous-Alexander,Substitution,,0,0,203
0021900550,269,PT04M38.00S,2,1610612760,OKC,203488,Muscala,M. Muscala,0,0,0,,0,36,40,76,v,Muscala Free Throw 2 of 2 (6 PTS),Free Throw,Free Throw 2 of 2,1,0,204
0021900550,270,PT04M15.00S,2,1610612751,BKN,1628386,Allen,J. Allen,-19,16,2,Made,1,38,40,78,h,Allen 2' Turnaround Hook Shot (6 PTS),Made Shot,Turnaround Hook Shot,1,2,205
0021900550,271,PT04M04.00S,2,1610612760,OKC,203471,Schröder,D. Schröder,81,120,14,Missed,1,,,0,v,MISS Schroder 14' Pullup Jump Shot,Missed Shot,Pullup Jump shot,1,2,206
0021900550,272,PT04M04.00S,2,1610612751,BKN,203925,Harris,J. Harris,0,0,0,,0,,,0,h,Harris REBOUND (Off:1 Def:4),Rebound,Unknown,1,0,207
0021900550,273,PT03M54.00S,2,1610612760,OKC,1627846,Nader,A. Nader,0,0,0,,0,,,0,v,Nader P.FOUL (P3.PN) (J.Orr),Foul,Personal,1,0,208
0021900550,275,PT03M54.00S,2,1610612751,BKN,1628386,Allen,J. Allen,0,0,0,,0,39,40,79,h,Allen Free Throw 1 of 2 (7 PTS),Free Throw,Free Throw 1 of 2,1,0,209
0021900550,276,PT03M54.00S,2,1610612760,OKC,1627846,Nader,A. Nader,0,0,0,,0,,,0,v,SUB: Adams FOR Nader,Substitution,,0,0,210
0021900550,277,PT03M54.00S,2,1610612760,OKC,203488,Muscala,M. Muscala,0,0,0,,0,,,0,v,SUB: Paul FOR Muscala,Substitution,,0,0,211
0021900550,280,PT03M54.00S,2,1610612751,BKN,1628386,Allen,J. Allen,0,0,0,,0,40,40,80,h,Allen Free Throw 2 of 2 (8 PTS),Free Throw,Free Throw 2 of 2,1,0,212
0021900550,281,PT03M41.00S,2,1610612760,OKC,203471,Schröder,D. Schröder,-129,219,25,Missed,1,,,0,v,MISS Schroder 25' 3PT Jump Shot,Missed Shot,Jump Shot,1,3,213
0021900550,282,PT03M41.00S,2,0,,1610612751,,,0,0,0,,0,,,0,h,NETS Rebound,Rebound,Unknown,0,0,214
0021900550,284,PT03M32.00S,2,1610612751,BKN,1629066,Kurucs,R. Kurucs,6,5,1,Made,1,42,40,82,h,Kurucs 1' Alley Oop Dunk (4 PTS) (Dinwiddie 2 AST),Made Shot,Alley Oop Dunk Shot,1,2,215
0021900550,286,PT03M16.00S,2,1610612760,OKC,203471,Schröder,D. Schröder,-3,9,1,Missed,1,,,0,v,MISS Schroder 1' Driving Reverse Layup,Missed Shot,Driving Reverse Layup Shot,1,2,216
0021900550,287,PT03M14.00S,2,1610612751,BKN,1628386,Allen,J. Allen,0,0,0,,0,,,0,h,Allen REBOUND (Off:0 Def:2),Rebound,Unknown,1,0,217
0021900550,289,PT03M05.00S,2,1610612751,BKN,1627752,Prince,T. Prince,3,28,3,Missed,1,,,0,h,MISS Prince 3' Driving Layup,Missed Shot,Driving Layup Shot,1,2,218
0021900550,290,PT03M01.00S,2,1610612760,OKC,1628977,Diallo,H. Diallo,0,0,0,,0,,,0,v,Diallo REBOUND (Off:0 Def:3),Rebound,Unknown,1,0,219
0021900550,291,PT03M00.00S,2,1610612751,BKN,1629066,Kurucs,R. Kurucs,0,0,0,,0,,,0,h,Kurucs S.FOUL (P2.T4) (J.Orr),Foul,Shooting,1,0,220
0021900550,293,PT03M00.00S,2,1610612760,OKC,1628977,Diallo,H. Diallo,0,0,0,,0,42,41,83,v,Diallo Free Throw 1 of 2 (1 PTS),Free Throw,Free Throw 1 of 2,1,0,221
0021900550,294,PT03M00.00S,2,1610612760,OKC,1628977,Diallo,H. Diallo,0,0,0,,0,42,42,84,v,Diallo Free Throw 2 of 2 (2 PTS),Free Throw,Free Throw 2 of 2,1,0,222
0021900550,295,PT02M55.00S,2,1610612751,BKN,203925,Harris,J. Harris,0,0,0,,0,,,0,h,Harris OFF.Foul (P2) (J.Orr),Foul,Offensive,1,0,223
0021900550,297,PT02M55.00S,2,1610612751,BKN,203925,Harris,J. Harris,0,0,0,,0,,,0,h,Harris Offensive Foul Turnover (P1.T9),Turnover,Offensive Foul Turnover,1,0,224
0021900550,298,PT02M55.00S,2,0,,1610612760,,,0,0,0,,0,,,0,v,Thunder Timeout: Regular (Reg.2 Short 0),Timeout,Regular,0,0,225
0021900550,299,PT02M55.00S,2,1610612760,OKC,1628977,Diallo,H. Diallo,0,0,0,,0,,,0,v,SUB: Gilgeous-Alexander FOR Diallo,Substitution,,0,0,226
0021900550,301,PT02M50.00S,2,1610612751,BKN,203915,Dinwiddie,S. Dinwiddie,0,0,0,,0,,,0,h,Dinwiddie P.FOUL (P2.PN) (J.Orr),Foul,Personal,1,0,227
0021900550,303,PT02M50.00S,2,1610612760,OKC,101108,Paul,C. Paul,0,0,0,,0,42,43,85,v,Paul Free Throw 1 of 2 (4 PTS),Free Throw,Free Throw 1 of 2,1,0,228
0021900550,304,PT02M50.00S,2,1610612760,OKC,101108,Paul,C. Paul,0,0,0,,0,42,44,86,v,Paul Free Throw 2 of 2 (5 PTS),Free Throw,Free Throw 2 of 2,1,0,229
0021900550,305,PT02M32.00S,2,1610612751,BKN,203915,Dinwiddie,S. Dinwiddie,130,215,25,Missed,1,,,0,h,MISS Dinwiddie 25' 3PT Pullup Jump Shot,Missed Shot,Pullup Jump shot,1,3,230
0021900550,306,PT02M28.00S,2,1610612751,BKN,1627752,Prince,T. Prince,0,0,0,,0,,,0,h,Prince REBOUND (Off:1 Def:3),Rebound,Unknown,1,0,231
0021900550,307,PT02M18.00S,2,1610612751,BKN,203925,Harris,J. Harris,-24,13,3,Made,1,44,44,88,h,Harris 3' Driving Layup (5 PTS),Made Shot,Driving Layup Shot,1,2,232
0021900550,308,PT01M57.00S,2,1610612760,OKC,1628983,Gilgeous-Alexander,S. Gilgeous-Alexander,13,11,2,Missed,1,,,0,v,MISS Gilgeous-Alexander 2' Driving Layup,Missed Shot,Driving Layup Shot,1,2,233
0021900550,309,PT01M55.00S,2,1610612751,BKN,203925,Harris,J. Harris,0,0,0,,0,,,0,h,Harris REBOUND (Off:1 Def:5),Rebound,Unknown,1,0,234
0021900550,310,PT01M38.00S,2,1610612751,BKN,1628386,Allen,J. Allen,3,7,1,Made,1,46,44,90,h,Allen 1' Cutting Dunk Shot (10 PTS) (Kurucs 3 AST),Made Shot,Cutting Dunk Shot,1,2,235
0021900550,312,PT01M27.00S,2,1610612751,BKN,203915,Dinwiddie,S. Dinwiddie,0,0,0,,0,,,0,h,Dinwiddie P.FOUL (P3.PN) (M.Kogut),Foul,Personal,1,0,236
0021900550,314,PT01M27.00S,2,1610612760,OKC,203500,Adams,S. Adams,0,0,0,,0,46,45,91,v,Adams Free Throw 1 of 2 (5 PTS),Free Throw,Free Throw 1 of 2,1,0,237
0021900550,315,PT01M27.00S,2,1610612751,BKN,203915,Dinwiddie,S. Dinwiddie,0,0,0,,0,,,0,h,SUB: Temple FOR Dinwiddie,Substitution,,0,0,238
0021900550,317,PT01M27.00S,2,1610612760,OKC,203500,Adams,S. Adams,0,0,0,,0,46,46,92,v,Adams Free Throw 2 of 2 (6 PTS),Free Throw,Free Throw 2 of 2,1,0,239
0021900550,318,PT01M13.00S,2,1610612751,BKN,1627752,Prince,T. Prince,0,8,1,Made,1,48,46,94,h,Prince 1' Driving Layup (16 PTS),Made Shot,Driving Layup Shot,1,2,240
0021900550,319,PT01M03.00S,2,1610612760,OKC,203471,Schröder,D. Schröder,-146,209,25,Made,1,48,49,97,v,Schroder 25' 3PT Jump Shot (6 PTS) (Paul 1 AST),Made Shot,Jump Shot,1,3,241
0021900550,321,PT00M42.10S,2,1610612751,BKN,202066,Temple,G. Temple,-12,81,8,Missed,1,,,0,h,MISS Temple 8' Driving Floating Jump Shot,Missed Shot,Driving Floating Jump Shot,1,2,242
0021900550,322,PT00M39.60S,2,1610612760,OKC,203500,Adams,S. Adams,0,0,0,,0,,,0,v,Adams REBOUND (Off:2 Def:4),Rebound,Unknown,1,0,243
0021900550,323,PT00M35.20S,2,1610612760,OKC,203471,Schröder,D. Schröder,-233,-18,0,Missed,1,,,0,v,MISS Schroder 3PT Jump Shot,Missed Shot,Jump Shot,1,3,244
0021900550,324,PT00M31.70S,2,1610612751,BKN,202066,Temple,G. Temple,0,0,0,,0,,,0,h,Temple REBOUND (Off:0 Def:1),Rebound,Unknown,1,0,245
0021900550,325,PT00M19.50S,2,1610612751,BKN,203925,Harris,J. Harris,-32,254,26,Missed,1,,,0,h,MISS Harris 26' 3PT Pullup Jump Shot,Missed Shot,Pullup Jump shot,1,3,246
0021900550,326,PT00M16.10S,2,1610612760,OKC,203500,Adams,S. Adams,0,0,0,,0,,,0,v,Adams REBOUND (Off:2 Def:5),Rebound,Unknown,1,0,247
0021900550,327,PT00M01.20S,2,1610612760,OKC,101108,Paul,C. Paul,52,147,16,Missed,1,,,0,v,MISS Paul 16' Pullup Jump Shot,Missed Shot,Pullup Jump shot,1,2,248
0021900550,328,PT00M01.20S,2,1610612760,OKC,203500,Adams,S. Adams,0,0,0,,0,,,0,v,Adams REBOUND (Off:3 Def:5),Rebound,Unknown,1,0,249
0021900550,329,PT00M00.20S,2,1610612760,OKC,203500,Adams,S. Adams,0,-6,1,Missed,1,,,0,v,MISS Adams 1' Tip Layup Shot,Missed Shot,Tip Layup Shot,1,2,250
0021900550,330,PT00M00.10S,2,0,,1610612760,,,0,0,0,,0,,,0,v,Thunder Rebound,Rebound,Unknown,0,0,251
0021900550,331,PT00M00.00S,2,0,,0,,,0,0,0,,0,48,49,97,,End of 2nd Period (8:35 PM EST),period,end,1,0,252
0021900550,336,PT12M00.00S,3,0,,0,,,0,0,0,,0,48,49,97,,Start of 3rd Period (8:50 PM EST),period,start,0,0,253
0021900550,337,PT11M45.00S,3,1610612760,OKC,1628390,Ferguson,T. Ferguson,0,0,0,,0,,,0,v,Ferguson S.FOUL (P2.T1) (M.Kogut),Foul,Shooting,1,0,254
0021900550,339,PT11M45.00S,3,1610612751,BKN,203925,Harris,J. Harris,0,0,0,,0,49,49,98,h,Harris Free Throw 1 of 2 (6 PTS),Free Throw,Free Throw 1 of 2,1,0,255
0021900550,340,PT11M45.00S,3,1610612751,BKN,203925,Harris,J. Harris,0,0,0,,0,50,49,99,h,Harris Free Throw 2 of 2 (7 PTS),Free Throw,Free Throw 2 of 2,1,0,256
0021900550,341,PT11M25.00S,3,1610612760,OKC,1628390,Ferguson,T. Ferguson,189,168,25,Missed,1,,,0,v,MISS Ferguson 25' 3PT Jump Shot,Missed Shot,Jump Shot,1,3,257
0021900550,342,PT11M23.00S,3,1610612751,BKN,1627752,Prince,T. Prince,0,0,0,,0,,,0,h,Prince REBOUND (Off:1 Def:4),Rebound,Unknown,1,0,258
0021900550,343,PT11M05.00S,3,1610612751,BKN,1627752,Prince,T. Prince,-102,229,25,Missed,1,,,0,h,MISS Prince 25' 3PT Jump Shot,Missed Shot,Jump Shot,1,3,259
0021900550,344,PT11M03.00S,3,1610612751,BKN,1628386,Allen,J. Allen,0,0,0,,0,,,0,h,Allen REBOUND (Off:1 Def:2),Rebound,Unknown,1,0,260
0021900550,345,PT10M59.00S,3,1610612751,BKN,203915,Dinwiddie,S. Dinwiddie,-62,236,24,Missed,1,,,0,h,MISS Dinwiddie 24' 3PT Jump Shot,Missed Shot,Jump Shot,1,3,261
0021900550,346,PT10M57.00S,3,0,,1610612760,,,0,0,0,,0,,,0,v,Thunder Rebound,Rebound,Unknown,0,0,262
0021900550,347,PT10M57.00S,3,1610612751,BKN,1629066,Kurucs,R. Kurucs,0,0,0,,0,,,0,h,Kurucs L.B.FOUL (P3.T1) (M.Kogut),Foul,Loose Ball,1,0,263
0021900550,349,PT10M49.00S,3,1610612760,OKC,1628983,Gilgeous-Alexander,S. Gilgeous-Alexander,29,104,11,Made,1,50,51,101,v,Gilgeous-Alexander 11' Pullup Jump Shot (14 PTS),Made Shot,Pullup Jump shot,1,2,264
0021900550,350,PT10M42.00S,3,1610612760,OKC,101108,Paul,C. Paul,0,0,0,,0,,,0,v,Paul P.FOUL (P2.T2) (M.Kogut),Foul,Personal,1,0,265
0021900550,352,PT10M32.00S,3,1610612760,OKC,203500,Adams,S. Adams,0,0,0,,0,,,0,v,Adams Violation:Kicked Ball (S.Foster),Violation,Kicked Ball,0,0,266
0021900550,353,PT10M25.00S,3,1610612751,BKN,203915,Dinwiddie,S. Dinwiddie,0,0,0,,0,,,0,h,Dinwiddie Bad Pass Turnover (P1.T10),Turnover,Bad Pass,1,0,267
0021900550,353,PT10M25.00S,3,1610612760,OKC,101108,Paul,C. Paul,0,0,0,,0,,,0,v,Paul STEAL (1 STL),,,1,0,268
0021900550,355,PT10M18.00S,3,1610612760,OKC,1629647,Bazley,D. Bazley,-6,15,2,Made,1,50,53,103,v,Bazley 2' Driving Finger Roll Layup (5 PTS) (Paul 2 AST),Made Shot,Driving Finger Roll Layup Shot,1,2,269
0021900550,357,PT10M18.00S,3,0,,1610612751,,,0,0,0,,0,,,0,h,NETS Timeout: Regular (Full 3 Short 0),Timeout,Regular,0,0,270
0021900550,358,PT09M54.00S,3,1610612751,BKN,1629066,Kurucs,R. Kurucs,13,251,25,Missed,1,,,0,h,MISS Kurucs 25' 3PT Jump Shot,Missed Shot,Jump Shot,1,3,271
0021900550,359,PT09M51.00S,3,1610612760,OKC,101108,Paul,C. Paul,0,0,0,,0,,,0,v,Paul REBOUND (Off:0 Def:2),Rebound,Unknown,1,0,272
0021900550,360,PT09M41.00S,3,1610612760,OKC,203500,Adams,S. Adams,-11,0,1,Made,1,50,55,105,v,Adams 1' Driving Layup (8 PTS),Made Shot,Driving Layup Shot,1,2,273
0021900550,361,PT09M27.00S,3,1610612751,BKN,203915,Dinwiddie,S. Dinwiddie,73,109,13,Missed,1,,,0,h,MISS Dinwiddie 13' Driving Floating Jump Shot,Missed Shot,Driving Floating Jump Shot,1,2,274
0021900550,362,PT09M25.00S,3,1610612760,OKC,1629647,Bazley,D. Bazley,0,0,0,,0,,,0,v,Bazley REBOUND (Off:0 Def:2),Rebound,Unknown,1,0,275
0021900550,363,PT09M12.00S,3,1610612760,OKC,203500,Adams,S. Adams,0,0,0,,0,,,0,v,Adams Traveling Turnover (P1.T7),Turnover,Traveling,1,0,276
0021900550,364,PT08M50.00S,3,1610612751,BKN,203915,Dinwiddie,S. Dinwiddie,3,5,1,Missed,1,,,0,h,MISS Dinwiddie 1' Driving Reverse Layup,Missed Shot,Driving Reverse Layup Shot,1,2,277
0021900550,366,PT08M47.00S,3,1610612760,OKC,203500,Adams,S. Adams,0,0,0,,0,,,0,v,Adams REBOUND (Off:3 Def:6),Rebound,Unknown,1,0,278
0021900550,367,PT08M41.00S,3,1610612760,OKC,101108,Paul,C. Paul,-122,220,25,Made,1,50,58,108,v,Paul 25' 3PT Jump Shot (8 PTS),Made Shot,Jump Shot,1,3,279
0021900550,368,PT08M41.00S,3,1610612751,BKN,1629066,Kurucs,R. Kurucs,0,0,0,,0,,,0,h,Kurucs AWAY.FROM.PLAY.FOUL (P4.T2) (M.Kogut),Foul,Away From Play,1,0,280
0021900550,375,PT08M41.00S,3,1610612760,OKC,203500,Adams,S. Adams,0,0,0,,0,50,59,109,v,Adams Free Throw 1 of 1 (9 PTS),Free Throw,Free Throw 1 of 1,1,0,281
0021900550,371,PT08M30.00S,3,1610612751,BKN,203915,Dinwiddie,S. Dinwiddie,22,13,3,Made,1,52,59,111,h,Dinwiddie 3' Driving Layup (2 PTS),Made Shot,Driving Layup Shot,1,2,282
0021900550,372,PT08M21.00S,3,1610612760,OKC,1628390,Ferguson,T. Ferguson,-22,252,25,Missed,1,,,0,v,MISS Ferguson 25' 3PT Jump Shot,Missed Shot,Jump Shot,1,3,283
0021900550,373,PT08M21.00S,3,0,,1610612751,,,0,0,0,,0,,,0,h,NETS Rebound,Rebound,Unknown,0,0,284
0021900550,376,PT08M13.00S,3,1610612751,BKN,203915,Dinwiddie,S. Dinwiddie,2,5,1,Made,1,54,59,113,h,Dinwiddie 1' Driving Finger Roll Layup (4 PTS),Made Shot,Driving Finger Roll Layup Shot,1,2,285
0021900550,377,PT07M59.00S,3,1610612760,OKC,1628390,Ferguson,T. Ferguson,109,15,11,Made,1,54,61,115,v,Ferguson 11' Jump Shot (7 PTS) (Adams 2 AST),Made Shot,Jump Shot,1,2,286
0021900550,379,PT07M43.00S,3,1610612751,BKN,203915,Dinwiddie,S. Dinwiddie,18,-10,2,Made,1,56,61,117,h,Dinwiddie 2' Driving Finger Roll Layup (6 PTS),Made Shot,Driving Finger Roll Layup Shot,1,2,287
0021900550,380,PT07M42.00S,3,0,,1610612751,,,0,0,0,,0,,,0,h,NETS Violation: Delay of game Violation,Violation,Delay Of Game,0,0,288
0021900550,381,PT07M22.00S,3,1610612760,OKC,1628983,Gilgeous-Alexander,S. Gilgeous-Alexander,100,227,25,Missed,1,,,0,v,MISS Gilgeous-Alexander 25' 3PT Step Back Jump Shot,Missed Shot,Step Back Jump shot,1,3,289
0021900550,382,PT07M22.00S,3,1610612760,OKC,1628983,Gilgeous-Alexander,S. Gilgeous-Alexander,0,0,0,,0,,,0,v,Gilgeous-Alexander REBOUND (Off:2 Def:0),Rebound,Unknown,1,0,290
0021900550,383,PT07M18.00S,3,1610612760,OKC,1628390,Ferguson,T. Ferguson,0,0,0,,0,,,0,v,Ferguson Step Out of Bounds Turnover (P1.T8),Turnover,Step Out of Bounds Turnover,1,0,291
0021900550,384,PT07M18.00S,3,1610612760,OKC,203500,Adams,S. Adams,0,0,0,,0,,,0,v,SUB: Muscala FOR Adams,Substitution,,0,0,292
0021900550,386,PT07M10.00S,3,1610612751,BKN,203915,Dinwiddie,S. Dinwiddie,11,9,1,Missed,1,,,0,h,MISS Dinwiddie 1' Driving Layup,Missed Shot,Driving Layup Shot,1,2,293
0021900550,387,PT07M08.00S,3,1610612760,OKC,101108,Paul,C. Paul,0,0,0,,0,,,0,v,Paul REBOUND (Off:0 Def:3),Rebound,Unknown,1,0,294
0021900550,388,PT07M03.00S,3,1610612760,OKC,1628390,Ferguson,T. Ferguson,239,-5,24,Missed,1,,,0,v,MISS Ferguson 24' 3PT Jump Shot,Missed Shot,Jump Shot,1,3,295
0021900550,389,PT06M58.00S,3,1610612751,BKN,1629066,Kurucs,R. Kurucs,0,0,0,,0,,,0,h,Kurucs REBOUND (Off:0 Def:2),Rebound,Unknown,1,0,296
0021900550,390,PT06M53.00S,3,1610612751,BKN,203915,Dinwiddie,S. Dinwiddie,16,-5,2,Missed,1,,,0,h,MISS Dinwiddie 2' Driving Layup,Missed Shot,Driving Layup Shot,1,2,297
0021900550,390,PT06M53.00S,3,1610612760,OKC,1629647,Bazley,D. Bazley,0,0,0,,0,,,0,v,Bazley BLOCK (1 BLK),,,1,2,298
0021900550,392,PT06M51.00S,3,1610612760,OKC,1629647,Bazley,D. Bazley,0,0,0,,0,,,0,v,Bazley REBOUND (Off:0 Def:3),Rebound,Unknown,1,0,299
0021900550,393,PT06M41.00S,3,1610612760,OKC,1628390,Ferguson,T. Ferguson,-18,15,2,Missed,1,,,0,v,MISS Ferguson 2' Driving Dunk,Missed Shot,Driving Dunk Shot,1,2,300
0021900550,393,PT06M41.00S,3,1610612751,BKN,1628386,Allen,J. Allen,0,0,0,,0,,,0,h,Allen BLOCK (2 BLK),,,1,2,301
0021900550,395,PT06M37.00S,3,1610612751,BKN,1627752,Prince,T. Prince,0,0,0,,0,,,0,h,Prince REBOUND (Off:1 Def:5),Rebound,Unknown,1,0,302
0021900550,396,PT06M33.00S,3,1610612751,BKN,1627752,Prince,T. Prince,12,11,2,Made,1,58,61,119,h,Prince 2' Running Layup (18 PTS),Made Shot,Running Layup Shot,1,2,303
0021900550,397,PT06M14.00S,3,1610612760,OKC,1628983,Gilgeous-Alexander,S. Gilgeous-Alexander,0,5,1,Made,1,58,63,121,v,Gilgeous-Alexander 1' Driving Dunk (16 PTS) (Muscala 1 AST),Made Shot,Driving Dunk Shot,1,2,304
0021900550,399,PT06M00.00S,3,1610612751,BKN,203915,Dinwiddie,S. Dinwiddie,67,41,8,Made,1,60,63,123,h,Dinwiddie 8' Driving Floating Bank Jump Shot (8 PTS),Made Shot,Driving Floating Bank Jump Shot,1,2,305
0021900550,400,PT05M47.00S,3,1610612760,OKC,101108,Paul,C. Paul,-169,191,26,Missed,1,,,0,v,MISS Paul 26' 3PT Jump Shot,Missed Shot,Jump Shot,1,3,306
0021900550,401,PT05M42.00S,3,1610612751,BKN,1628386,Allen,J. Allen,0,0,0,,0,,,0,h,Allen REBOUND (Off:1 Def:3),Rebound,Unknown,1,0,307
0021900550,402,PT05M34.00S,3,1610612751,BKN,1628386,Allen,J. Allen,8,17,2,Made,1,62,63,125,h,Allen 2' Cutting Dunk Shot (12 PTS) (Dinwiddie 3 AST),Made Shot,Cutting Dunk Shot,1,2,308
0021900550,404,PT05M15.00S,3,1610612760,OKC,1629647,Bazley,D. Bazley,149,200,25,Made,1,62,66,128,v,Bazley 25' 3PT Jump Shot (8 PTS) (Paul 3 AST),Made Shot,Jump Shot,1,3,309
0021900550,406,PT04M50.00S,3,1610612751,BKN,1627752,Prince,T. Prince,65,251,26,Made,1,65,66,131,h,Prince 26' 3PT Jump Shot (21 PTS) (Kurucs 4 AST),Made Shot,Jump Shot,1,3,310
0021900550,408,PT04M48.00S,3,0,,1610612760,,,0,0,0,,0,,,0,v,Thunder Timeout: Regular (Reg.3 Short 0),Timeout,Regular,0,0,311
0021900550,409,PT04M48.00S,3,1610612751,BKN,1629066,Kurucs,R. Kurucs,0,0,0,,0,,,0,h,SUB: Jordan FOR Kurucs,Substitution,,0,0,312
0021900550,410,PT04M48.00S,3,1610612751,BKN,203915,Dinwiddie,S. Dinwiddie,0,0,0,,0,,,0,h,SUB: Temple FOR Dinwiddie,Substitution,,0,0,313
0021900550,411,PT04M48.00S,3,1610612751,BKN,1628386,Allen,J. Allen,0,0,0,,0,,,0,h,SUB: LeVert FOR Allen,Substitution,,0,0,314
0021900550,429,PT04M48.00S,3,1610612760,OKC,101108,Paul,C. Paul,0,0,0,,0,,,0,v,SUB: Schroder FOR Paul,Substitution,,0,0,315
0021900550,415,PT04M37.00S,3,1610612760,OKC,203488,Muscala,M. Muscala,-228,4,0,Missed,1,,,0,v,MISS Muscala 3PT Jump Shot,Missed Shot,Jump Shot,1,3,316
0021900550,416,PT04M33.00S,3,1610612751,BKN,1627752,Prince,T. Prince,0,0,0,,0,,,0,h,Prince REBOUND (Off:1 Def:6),Rebound,Unknown,1,0,317
0021900550,417,PT04M25.00S,3,1610612751,BKN,201599,Jordan,D. Jordan,18,5,2,Made,1,67,66,133,h,Jordan 2' Dunk (4 PTS) (LeVert 2 AST),Made Shot,Dunk Shot,1,2,318
0021900550,419,PT04M10.00S,3,1610612760,OKC,203471,Schröder,D. Schröder,-115,101,15,Made,1,67,68,135,v,Schroder 15' Pullup Jump Shot (8 PTS),Made Shot,Pullup Jump shot,1,2,319
0021900550,422,PT03M57.00S,3,1610612751,BKN,1627752,Prince,T. Prince,54,266,27,Missed,1,,,0,h,MISS Prince 27' 3PT Jump Shot,Missed Shot,Jump Shot,1,3,320
0021900550,423,PT03M53.00S,3,1610612760,OKC,203488,Muscala,M. Muscala,0,0,0,,0,,,0,v,Muscala REBOUND (Off:1 Def:6),Rebound,Unknown,1,0,321
0021900550,424,PT03M51.00S,3,1610612760,OKC,203471,Schröder,D. Schröder,0,0,0,,0,,,0,v,Schroder Bad Pass Turnover (P2.T9),Turnover,Bad Pass,1,0,322
0021900550,424,PT03M51.00S,3,1610612751,BKN,1627752,Prince,T. Prince,0,0,0,,0,,,0,h,Prince STEAL (1 STL),,,1,0,323
0021900550,426,PT03M43.00S,3,1610612751,BKN,203925,Harris,J. Harris,5,247,25,Missed,1,,,0,h,MISS Harris 25' 3PT Jump Shot,Missed Shot,Jump Shot,1,3,324
0021900550,427,PT03M39.00S,3,1610612760,OKC,1629647,Bazley,D. Bazley,0,0,0,,0,,,0,v,Bazley REBOUND (Off:0 Def:4),Rebound,Unknown,1,0,325
0021900550,430,PT03M26.00S,3,1610612760,OKC,203471,Schröder,D. Schröder,3,26,3,Made,1,67,70,137,v,Schroder 3' Driving Layup (10 PTS),Made Shot,Driving Layup Shot,1,2,326
0021900550,431,PT03M26.00S,3,1610612751,BKN,201599,Jordan,D. Jordan,0,0,0,,0,,,0,h,Jordan Violation:Defensive Goaltending (J.Orr),Violation,Defensive Goaltending,1,0,327
0021900550,432,PT03M09.00S,3,1610612751,BKN,202066,Temple,G. Temple,231,57,24,Missed,1,,,0,h,MISS Temple 24' 3PT Step Back Jump Shot,Missed Shot,Step Back Jump shot,1,3,328
0021900550,433,PT03M04.00S,3,1610612760,OKC,203488,Muscala,M. Muscala,0,0,0,,0,,,0,v,Muscala REBOUND (Off:1 Def:7),Rebound,Unknown,1,0,329
0021900550,434,PT02M57.00S,3,1610612760,OKC,1628983,Gilgeous-Alexander,S. Gilgeous-Alexander,14,74,8,Missed,1,,,0,v,MISS Gilgeous-Alexander 8' Driving Layup,Missed Shot,Driving Layup Shot,1,2,330
0021900550,435,PT02M55.00S,3,1610612751,BKN,1627747,LeVert,C. LeVert,0,0,0,,0,,,0,h,LeVert REBOUND (Off:1 Def:2),Rebound,Unknown,1,0,331
0021900550,436,PT02M47.00S,3,1610612760,OKC,1628390,Ferguson,T. Ferguson,0,0,0,,0,,,0,v,Ferguson S.FOUL (P3.T3) (J.Orr),Foul,Shooting,1,0,332
0021900550,438,PT02M47.00S,3,1610612751,BKN,1627747,LeVert,C. LeVert,0,0,0,,0,68,70,138,h,LeVert Free Throw 1 of 2 (5 PTS),Free Throw,Free Throw 1 of 2,1,0,333
0021900550,439,PT02M47.00S,3,1610612751,BKN,1627752,Prince,T. Prince,0,0,0,,0,,,0,h,SUB: Chandler FOR Prince,Substitution,,0,0,334
0021900550,441,PT02M47.00S,3,1610612760,OKC,1628983,Gilgeous-Alexander,S. Gilgeous-Alexander,0,0,0,,0,,,0,v,SUB: Adams FOR Gilgeous-Alexander,Substitution,,0,0,335
0021900550,442,PT02M47.00S,3,1610612760,OKC,1629647,Bazley,D. Bazley,0,0,0,,0,,,0,v,SUB: Nader FOR Bazley,Substitution,,0,0,336
0021900550,443,PT02M47.00S,3,1610612760,OKC,1628390,Ferguson,T. Ferguson,0,0,0,,0,,,0,v,SUB: Burton FOR Ferguson,Substitution,,0,0,337
0021900550,444,PT02M47.00S,3,1610612760,OKC,203488,Muscala,M. Muscala,0,0,0,,0,,,0,v,SUB: Diallo FOR Muscala,Substitution,,0,0,338
0021900550,469,PT02M47.00S,3,1610612751,BKN,203925,Harris,J. Harris,0,0,0,,0,,,0,h,SUB: Luwawu-Cabarrot FOR Harris,Substitution,,0,0,339
0021900550,451,PT02M47.00S,3,1610612751,BKN,1627747,LeVert,C. LeVert,0,0,0,,0,69,70,139,h,LeVert Free Throw 2 of 2 (6 PTS),Free Throw,Free Throw 2 of 2,1,0,340
0021900550,452,PT02M31.00S,3,1610612760,OKC,1629126,Burton,D. Burton,-172,184,25,Missed,1,,,0,v,MISS Burton 25' 3PT Jump Shot,Missed Shot,Jump Shot,1,3,341
0021900550,453,PT02M29.00S,3,1610612751,BKN,1627747,LeVert,C. LeVert,0,0,0,,0,,,0,h,LeVert REBOUND (Off:1 Def:3),Rebound,Unknown,1,0,342
0021900550,454,PT02M25.00S,3,1610612751,BKN,1627747,LeVert,C. LeVert,0,0,0,,0,,,0,h,LeVert Out of Bounds - Bad Pass Turnover Turnover (P2.T11),Turnover,Out of Bounds - Bad Pass Turnover,1,0,343
0021900550,455,PT02M14.00S,3,1610612760,OKC,203471,Schröder,D. Schröder,86,97,13,Missed,1,,,0,v,MISS Schroder 13' Pullup Jump Shot,Missed Shot,Pullup Jump shot,1,2,344
0021900550,456,PT02M10.00S,3,1610612751,BKN,201163,Chandler,W. Chandler,0,0,0,,0,,,0,h,Chandler REBOUND (Off:0 Def:3),Rebound,Unknown,1,0,345
0021900550,457,PT01M59.00S,3,1610612760,OKC,1627846,Nader,A. Nader,0,0,0,,0,,,0,v,Nader S.FOUL (P4.T4) (M.Kogut),Foul,Shooting,1,0,346
0021900550,459,PT01M59.00S,3,1610612751,BKN,1627747,LeVert,C. LeVert,0,0,0,,0,70,70,140,h,LeVert Free Throw 1 of 3 (7 PTS),Free Throw,Free Throw 1 of 3,1,0,347
0021900550,460,PT01M59.00S,3,1610612751,BKN,1627747,LeVert,C. LeVert,0,0,0,,0,71,70,141,h,LeVert Free Throw 2 of 3 (8 PTS),Free Throw,Free Throw 2 of 3,1,0,348
0021900550,461,PT01M59.00S,3,1610612751,BKN,1627747,LeVert,C. LeVert,0,0,0,,0,,,0,h,MISS LeVert Free Throw 3 of 3,Free Throw,Free Throw 3 of 3,1,0,349
0021900550,462,PT01M58.00S,3,1610612760,OKC,203500,Adams,S. Adams,0,0,0,,0,,,0,v,Adams REBOUND (Off:3 Def:7),Rebound,Unknown,1,0,350
0021900550,463,PT01M49.00S,3,1610612751,BKN,201599,Jordan,D. Jordan,0,0,0,,0,,,0,h,Jordan P.FOUL (P2.T3) (M.Kogut),Foul,Personal,1,0,351
0021900550,465,PT01M41.00S,3,1610612760,OKC,203500,Adams,S. Adams,0,0,0,,0,,,0,v,Adams Bad Pass Turnover (P2.T10),Turnover,Bad Pass,1,0,352
0021900550,465,PT01M41.00S,3,1610612751,BKN,201599,Jordan,D. Jordan,0,0,0,,0,,,0,h,Jordan STEAL (1 STL),,,1,0,353
0021900550,467,PT01M35.00S,3,1610612751,BKN,201599,Jordan,D. Jordan,3,11,1,Made,1,73,70,143,h,Jordan 1' Alley Oop Dunk (6 PTS) (Temple 1 AST),Made Shot,Alley Oop Dunk Shot,1,2,354
0021900550,470,PT01M13.00S,3,1610612760,OKC,1629126,Burton,D. Burton,-29,256,26,Missed,1,,,0,v,MISS Burton 26' 3PT Jump Shot,Missed Shot,Jump Shot,1,3,355
0021900550,471,PT01M13.00S,3,1610612751,BKN,202066,Temple,G. Temple,0,0,0,,0,,,0,h,Temple REBOUND (Off:0 Def:2),Rebound,Unknown,1,0,356
0021900550,472,PT01M02.00S,3,1610612751,BKN,1627747,LeVert,C. LeVert,18,98,10,Made,1,75,70,145,h,LeVert 10' Floating Jump Shot (10 PTS) (Temple 2 AST),Made Shot,Floating Jump shot,1,2,357
0021900550,474,PT00M55.80S,3,1610612760,OKC,1627846,Nader,A. Nader,40,43,6,Made,1,75,72,147,v,Nader 6' Driving Floating Jump Shot (4 PTS) (Schroder 4 AST),Made Shot,Driving Floating Jump Shot,1,2,358
0021900550,475,PT00M34.70S,3,1610612751,BKN,1627747,LeVert,C. LeVert,-64,129,14,Made,1,77,72,149,h,LeVert 14' Pullup Jump Shot (12 PTS),Made Shot,Pullup Jump shot,1,2,359
0021900550,477,PT00M19.40S,3,1610612751,BKN,1627789,Luwawu-Cabarrot,T. Luwawu-Cabarrot,0,0,0,,0,,,0,h,Luwawu-Cabarrot S.FOUL (P1.PN) (S.Foster),Foul,Shooting,1,0,360
0021900550,480,PT00M19.40S,3,1610612751,BKN,201163,Chandler,W. Chandler,0,0,0,,0,,,0,h,SUB: Harris FOR Chandler,Substitution,,0,0,361
0021900550,481,PT00M19.40S,3,1610612751,BKN,1627789,Luwawu-Cabarrot,T. Luwawu-Cabarrot,0,0,0,,0,,,0,h,SUB: Prince FOR Luwawu-Cabarrot,Substitution,,0,0,362
0021900550,482,PT00M19.40S,3,1610612760,OKC,1627846,Nader,A. Nader,0,0,0,,0,,,0,v,SUB: Paul FOR Nader,Substitution,,0,0,363
0021900550,483,PT00M19.40S,3,1610612760,OKC,1629126,Burton,D. Burton,0,0,0,,0,,,0,v,SUB: Ferguson FOR Burton,Substitution,,0,0,364
0021900550,479,PT00M19.40S,3,1610612760,OKC,203471,Schröder,D. Schröder,0,0,0,,0,77,73,150,v,Schroder Free Throw 1 of 2 (11 PTS),Free Throw,Free Throw 1 of 2,1,0,365
0021900550,488,PT00M19.40S,3,1610612760,OKC,203471,Schröder,D. Schröder,0,0,0,,0,77,74,151,v,Schroder Free Throw 2 of 2 (12 PTS),Free Throw,Free Throw 2 of 2,1,0,366
0021900550,489,PT00M03.10S,3,1610612751,BKN,1627747,LeVert,C. LeVert,-3,8,1,Missed,1,,,0,h,MISS LeVert 1' Driving Reverse Layup,Missed Shot,Driving Reverse Layup Shot,1,2,367
0021900550,490,PT00M02.10S,3,1610612751,BKN,201599,Jordan,D. Jordan,0,0,0,,0,,,0,h,Jordan REBOUND (Off:3 Def:5),Rebound,Unknown,1,0,368
0021900550,494,PT00M02.00S,3,1610612751,BKN,201599,Jordan,D. Jordan,2,17,2,Missed,1,,,0,h,MISS Jordan 2' Tip Layup Shot,Missed Shot,Tip Layup Shot,1,2,369
0021900550,495,PT00M02.00S,3,1610612760,OKC,101108,Paul,C. Paul,0,0,0,,0,,,0,v,Paul REBOUND (Off:0 Def:4),Rebound,Unknown,1,0,370
0021900550,491,PT00M00.00S,3,1610612760,OKC,101108,Paul,C. Paul,-114,721,73,Missed,1,,,0,v,MISS Paul 73' 3PT Pullup Jump Shot,Missed Shot,Pullup Jump shot,1,3,371
0021900550,492,PT00M00.00S,3,0,,1610612760,,,0,0,0,,0,,,0,v,Thunder Rebound,Rebound,Unknown,0,0,372
0021900550,493,PT00M00.00S,3,0,,0,,,0,0,0,,0,77,74,151,,End of 3rd Period (9:16 PM EST),period,end,1,0,373
0021900550,500,PT12M00.00S,4,0,,0,,,0,0,0,,0,77,74,151,,Start of 4th Period (9:19 PM EST),period,start,0,0,374
0021900550,501,PT11M53.00S,4,1610612751,BKN,201163,Chandler,W. Chandler,0,0,0,,0,,,0,h,Chandler S.FOUL (P2.T1) (M.Kogut),Foul,Shooting,1,0,375
0021900550,505,PT11M53.00S,4,1610612760,OKC,1628977,Diallo,H. Diallo,0,0,0,,0,,,0,v,MISS Diallo Free Throw 1 of 2,Free Throw,Free Throw 1 of 2,1,0,376
0021900550,506,PT11M53.00S,4,0,,1610612760,,,0,0,0,,0,,,0,v,Thunder Rebound,Rebound,Normal Rebound,0,0,377
0021900550,507,PT11M53.00S,4,1610612760,OKC,1628977,Diallo,H. Diallo,0,0,0,,0,77,75,152,v,Diallo Free Throw 2 of 2 (3 PTS),Free Throw,Free Throw 2 of 2,1,0,378
0021900550,508,PT11M43.00S,4,1610612751,BKN,1627747,LeVert,C. LeVert,-10,251,25,Made,1,80,75,155,h,LeVert 25' 3PT Jump Shot (15 PTS),Made Shot,Jump Shot,1,3,379
0021900550,509,PT11M30.00S,4,1610612760,OKC,101108,Paul,C. Paul,27,253,25,Made,1,80,78,158,v,Paul 25' 3PT Jump Shot (11 PTS),Made Shot,Jump Shot,1,3,380
0021900550,522,PT11M06.00S,4,1610612751,BKN,201599,Jordan,D. Jordan,-5,8,1,Missed,1,,,0,h,MISS Jordan 1' Alley Oop Dunk,Missed Shot,Alley Oop Dunk Shot,1,2,381
0021900550,522,PT11M06.00S,4,1610612760,OKC,1629126,Burton,D. Burton,0,0,0,,0,,,0,v,Burton BLOCK (1 BLK),,,1,2,382
0021900550,524,PT11M06.00S,4,1610612760,OKC,203471,Schröder,D. Schröder,0,0,0,,0,,,0,v,Schroder REBOUND (Off:0 Def:4),Rebound,Unknown,1,0,383
0021900550,512,PT11M03.00S,4,1610612751,BKN,1627747,LeVert,C. LeVert,0,0,0,,0,,,0,h,LeVert S.FOUL (P1.T2) (S.Foster),Foul,Shooting,1,0,384
0021900550,515,PT11M03.00S,4,1610612760,OKC,1629126,Burton,D. Burton,0,0,0,,0,,,0,v,MISS Burton Free Throw 1 of 2,Free Throw,Free Throw 1 of 2,1,0,385
0021900550,516,PT11M03.00S,4,0,,1610612760,,,0,0,0,,0,,,0,v,Thunder Rebound,Rebound,Normal Rebound,0,0,386
0021900550,517,PT11M03.00S,4,1610612760,OKC,1629126,Burton,D. Burton,0,0,0,,0,80,79,159,v,Burton Free Throw 2 of 2 (3 PTS),Free Throw,Free Throw 2 of 2,1,0,387
0021900550,518,PT10M51.00S,4,1610612751,BKN,201599,Jordan,D. Jordan,3,11,1,Made,1,82,79,161,h,Jordan 1' Cutting Dunk Shot (8 PTS) (LeVert 3 AST),Made Shot,Cutting Dunk Shot,1,2,388
0021900550,520,PT10M32.00S,4,1610612751,BKN,201599,Jordan,D. Jordan,0,0,0,,0,,,0,h,Jordan S.FOUL (P3.T3) (J.Orr),Foul,Shooting,1,0,389
0021900550,525,PT10M32.00S,4,1610612760,OKC,203500,Adams,S. Adams,0,0,0,,0,82,80,162,v,Adams Free Throw 1 of 2 (10 PTS),Free Throw,Free Throw 1 of 2,1,0,390
0021900550,526,PT10M32.00S,4,1610612760,OKC,203500,Adams,S. Adams,0,0,0,,0,,,0,v,MISS Adams Free Throw 2 of 2,Free Throw,Free Throw 2 of 2,1,0,391
0021900550,527,PT10M32.00S,4,0,,1610612751,,,0,0,0,,0,,,0,h,NETS Rebound,Rebound,Unknown,0,0,392
0021900550,529,PT10M16.00S,4,1610612751,BKN,202066,Temple,G. Temple,144,201,25,Made,1,85,80,165,h,Temple 25' 3PT Jump Shot (6 PTS),Made Shot,Jump Shot,1,3,393
0021900550,530,PT09M56.00S,4,1610612760,OKC,203471,Schröder,D. Schröder,-160,-13,16,Missed,1,,,0,v,MISS Schroder 16' Pullup Jump Shot,Missed Shot,Pullup Jump shot,1,2,394
0021900550,531,PT09M53.00S,4,1610612760,OKC,203500,Adams,S. Adams,0,0,0,,0,,,0,v,Adams REBOUND (Off:4 Def:7),Rebound,Unknown,1,0,395
0021900550,532,PT09M53.00S,4,1610612760,OKC,203500,Adams,S. Adams,0,-6,1,Missed,1,,,0,v,MISS Adams 1' Tip Layup Shot,Missed Shot,Tip Layup Shot,1,2,396
0021900550,533,PT09M51.00S,4,1610612751,BKN,1627789,Luwawu-Cabarrot,T. Luwawu-Cabarrot,0,0,0,,0,,,0,h,Luwawu-Cabarrot REBOUND (Off:0 Def:1),Rebound,Unknown,1,0,397
0021900550,534,PT09M39.00S,4,1610612751,BKN,201163,Chandler,W. Chandler,139,206,25,Missed,1,,,0,h,MISS Chandler 25' 3PT Jump Shot,Missed Shot,Jump Shot,1,3,398
0021900550,535,PT09M36.00S,4,1610612760,OKC,203500,Adams,S. Adams,0,0,0,,0,,,0,v,Adams REBOUND (Off:4 Def:8),Rebound,Unknown,1,0,399
0021900550,536,PT09M19.00S,4,1610612760,OKC,1628977,Diallo,H. Diallo,-232,20,0,Made,1,85,83,168,v,Diallo 3PT Jump Shot (6 PTS) (Burton 2 AST),Made Shot,Jump Shot,1,3,400
0021900550,538,PT09M18.00S,4,0,,1610612751,,,0,0,0,,0,,,0,h,NETS Timeout: Regular (Full 4 Short 0),Timeout,Regular,0,0,401
0021900550,539,PT09M18.00S,4,1610612751,BKN,1627747,LeVert,C. LeVert,0,0,0,,0,,,0,h,SUB: Dinwiddie FOR LeVert,Substitution,,0,0,402
0021900550,540,PT09M18.00S,4,1610612760,OKC,203500,Adams,S. Adams,0,0,0,,0,,,0,v,SUB: Muscala FOR Adams,Substitution,,0,0,403
0021900550,543,PT09M10.00S,4,1610612751,BKN,201163,Chandler,W. Chandler,0,0,0,,0,,,0,h,Chandler OFF.Foul (P3) (M.Kogut),Foul,Offensive,1,0,404
0021900550,545,PT09M10.00S,4,1610612751,BKN,201163,Chandler,W. Chandler,0,0,0,,0,,,0,h,Chandler Offensive Foul Turnover (P2.T12),Turnover,Offensive Foul Turnover,1,0,405
0021900550,546,PT08M56.00S,4,1610612760,OKC,203488,Muscala,M. Muscala,-49,249,25,Missed,1,,,0,v,MISS Muscala 25' 3PT Jump Shot,Missed Shot,Jump Shot,1,3,406
0021900550,547,PT08M52.00S,4,1610612751,BKN,203915,Dinwiddie,S. Dinwiddie,0,0,0,,0,,,0,h,Dinwiddie REBOUND (Off:0 Def:3),Rebound,Unknown,1,0,407
0021900550,548,PT08M49.00S,4,1610612751,BKN,202066,Temple,G. Temple,144,194,24,Made,1,88,83,171,h,Temple 24' 3PT Jump Shot (9 PTS) (Dinwiddie 4 AST),Made Shot,Jump Shot,1,3,408
0021900550,550,PT08M33.00S,4,1610612760,OKC,1629126,Burton,D. Burton,-19,32,4,Missed,1,,,0,v,MISS Burton 4' Driving Finger Roll Layup,Missed Shot,Driving Finger Roll Layup Shot,1,2,409
0021900550,551,PT08M31.00S,4,1610612751,BKN,201599,Jordan,D. Jordan,0,0,0,,0,,,0,h,Jordan REBOUND (Off:3 Def:6),Rebound,Unknown,1,0,410
0021900550,552,PT08M27.00S,4,1610612751,BKN,202066,Temple,G. Temple,-8,0,1,Made,1,90,83,173,h,Temple 1' Driving Layup (11 PTS) (Dinwiddie 5 AST),Made Shot,Driving Layup Shot,1,2,411
0021900550,554,PT08M10.00S,4,1610612760,OKC,203488,Muscala,M. Muscala,-16,248,25,Missed,1,,,0,v,MISS Muscala 25' 3PT Jump Shot,Missed Shot,Jump Shot,1,3,412
0021900550,555,PT08M06.00S,4,1610612751,BKN,201163,Chandler,W. Chandler,0,0,0,,0,,,0,h,Chandler REBOUND (Off:0 Def:4),Rebound,Unknown,1,0,413
0021900550,556,PT07M46.00S,4,1610612751,BKN,203915,Dinwiddie,S. Dinwiddie,0,0,0,,0,,,0,h,Dinwiddie Bad Pass Turnover (P2.T13),Turnover,Bad Pass,1,0,414
0021900550,556,PT07M46.00S,4,1610612760,OKC,101108,Paul,C. Paul,0,0,0,,0,,,0,v,Paul STEAL (2 STL),,,1,0,415
0021900550,558,PT07M37.00S,4,1610612760,OKC,101108,Paul,C. Paul,-61,252,26,Made,1,90,86,176,v,Paul 26' 3PT Jump Shot (14 PTS) (Burton 3 AST),Made Shot,Jump Shot,1,3,416
0021900550,560,PT07M19.00S,4,1610612751,BKN,202066,Temple,G. Temple,-192,-27,19,Missed,1,,,0,h,MISS Temple 19' Step Back Jump Shot,Missed Shot,Step Back Jump shot,1,2,417
0021900550,561,PT07M17.00S,4,1610612760,OKC,1629126,Burton,D. Burton,0,0,0,,0,,,0,v,Burton REBOUND (Off:1 Def:2),Rebound,Unknown,1,0,418
0021900550,562,PT07M08.00S,4,1610612760,OKC,203471,Schröder,D. Schröder,156,186,24,Missed,1,,,0,v,MISS Schroder 24' 3PT Jump Shot,Missed Shot,Jump Shot,1,3,419
0021900550,563,PT07M04.00S,4,1610612751,BKN,201599,Jordan,D. Jordan,0,0,0,,0,,,0,h,Jordan REBOUND (Off:3 Def:7),Rebound,Unknown,1,0,420
0021900550,564,PT06M55.00S,4,1610612751,BKN,1627789,Luwawu-Cabarrot,T. Luwawu-Cabarrot,63,131,15,Missed,1,,,0,h,MISS Luwawu-Cabarrot 15' Pullup Jump Shot,Missed Shot,Pullup Jump shot,1,2,421
0021900550,565,PT06M54.00S,4,1610612760,OKC,1628977,Diallo,H. Diallo,0,0,0,,0,,,0,v,Diallo REBOUND (Off:0 Def:4),Rebound,Unknown,1,0,422
0021900550,566,PT06M54.00S,4,0,,1610612760,,,0,0,0,,0,,,0,v,Thunder Timeout: Regular (Reg.4 Short 0),Timeout,Regular,0,0,423
0021900550,567,PT06M54.00S,4,1610612751,BKN,201599,Jordan,D. Jordan,0,0,0,,0,,,0,h,SUB: Harris FOR Jordan,Substitution,,0,0,424
0021900550,568,PT06M54.00S,4,1610612751,BKN,1627789,Luwawu-Cabarrot,T. Luwawu-Cabarrot,0,0,0,,0,,,0,h,SUB: Prince FOR Luwawu-Cabarrot,Substitution,,0,0,425
0021900550,569,PT06M54.00S,4,1610612751,BKN,201163,Chandler,W. Chandler,0,0,0,,0,,,0,h,SUB: Allen FOR Chandler,Substitution,,0,0,426
0021900550,570,PT06M54.00S,4,1610612760,OKC,101108,Paul,C. Paul,0,0,0,,0,,,0,v,SUB: Nader FOR Paul,Substitution,,0,0,427
0021900550,571,PT06M54.00S,4,1610612760,OKC,1628977,Diallo,H. Diallo,0,0,0,,0,,,0,v,SUB: Ferguson FOR Diallo,Substitution,,0,0,428
0021900550,572,PT06M54.00S,4,1610612760,OKC,1629126,Burton,D. Burton,0,0,0,,0,,,0,v,SUB: Gilgeous-Alexander FOR Burton,Substitution,,0,0,429
0021900550,573,PT06M54.00S,4,1610612760,OKC,203488,Muscala,M. Muscala,0,0,0,,0,,,0,v,SUB: Adams FOR Muscala,Substitution,,0,0,430
0021900550,581,PT06M34.00S,4,1610612760,OKC,1627846,Nader,A. Nader,-128,222,26,Made,1,90,89,179,v,Nader 26' 3PT Jump Shot (7 PTS) (Schroder 5 AST),Made Shot,Jump Shot,1,3,431
0021900550,583,PT06M15.00S,4,1610612760,OKC,203471,Schröder,D. Schröder,0,0,0,,0,,,0,v,Schroder S.FOUL (P1.T1) (S.Foster),Foul,Shooting,1,0,432
0021900550,585,PT06M15.00S,4,0,,583,,,0,0,0,,0,90,89,179,,Instant Replay4th Period (9:34 PM EST),Instant Replay,Coach Challenge Support Ruling,1,0,433
0021900550,586,PT06M15.00S,4,0,,1610612760,,,0,0,0,,0,,,0,v,Thunder Timeout: Regular (Reg.5 Short 0),Timeout,Regular,0,0,434
0021900550,587,PT06M15.00S,4,1610612751,BKN,203915,Dinwiddie,S. Dinwiddie,0,0,0,,0,91,89,180,h,Dinwiddie Free Throw 1 of 2 (9 PTS),Free Throw,Free Throw 1 of 2,1,0,435
0021900550,588,PT06M15.00S,4,1610612751,BKN,203915,Dinwiddie,S. Dinwiddie,0,0,0,,0,92,89,181,h,Dinwiddie Free Throw 2 of 2 (10 PTS),Free Throw,Free Throw 2 of 2,1,0,436
0021900550,589,PT06M04.00S,4,1610612760,OKC,1628983,Gilgeous-Alexander,S. Gilgeous-Alexander,-7,23,2,Missed,1,,,0,v,MISS Gilgeous-Alexander 2' Driving Layup,Missed Shot,Driving Layup Shot,1,2,437
0021900550,590,PT06M02.00S,4,1610612751,BKN,1628386,Allen,J. Allen,0,0,0,,0,,,0,h,Allen REBOUND (Off:1 Def:4),Rebound,Unknown,1,0,438
0021900550,591,PT05M58.00S,4,1610612751,BKN,203925,Harris,J. Harris,-9,6,1,Missed,1,,,0,h,MISS Harris 1' Driving Reverse Layup,Missed Shot,Driving Reverse Layup Shot,1,2,439
0021900550,592,PT05M56.00S,4,1610612760,OKC,203500,Adams,S. Adams,0,0,0,,0,,,0,v,Adams REBOUND (Off:4 Def:9),Rebound,Unknown,1,0,440
0021900550,593,PT05M54.00S,4,1610612760,OKC,203471,Schröder,D. Schröder,0,0,0,,0,,,0,v,Schroder Double Dribble Turnover (P3.T11),Turnover,Double Dribble,1,0,441
0021900550,594,PT05M42.00S,4,1610612751,BKN,203915,Dinwiddie,S. Dinwiddie,-31,201,20,Missed,1,,,0,h,MISS Dinwiddie 20' Pullup Jump Shot,Missed Shot,Pullup Jump shot,1,2,442
0021900550,595,PT05M39.00S,4,1610612760,OKC,203500,Adams,S. Adams,0,0,0,,0,,,0,v,Adams REBOUND (Off:4 Def:10),Rebound,Unknown,1,0,443
0021900550,596,PT05M17.00S,4,1610612760,OKC,1627846,Nader,A. Nader,-12,251,25,Missed,1,,,0,v,MISS Nader 25' 3PT Jump Shot,Missed Shot,Jump Shot,1,3,444
0021900550,597,PT05M17.00S,4,0,,1610612760,,,0,0,0,,0,,,0,v,Thunder Rebound,Rebound,Unknown,0,0,445
0021900550,598,PT05M17.00S,4,0,,1610612760,,,0,0,0,,0,,,0,v,Thunder Turnover: Shot Clock (T#12),Turnover,Shot Clock Turnover,0,0,446
0021900550,599,PT05M17.00S,4,1610612751,BKN,202066,Temple,G. Temple,0,0,0,,0,,,0,h,SUB: LeVert FOR Temple,Substitution,,0,0,447
0021900550,601,PT05M00.00S,4,1610612751,BKN,1627752,Prince,T. Prince,231,11,0,Missed,1,,,0,h,MISS Prince 3PT Jump Shot,Missed Shot,Jump Shot,1,3,448
0021900550,602,PT04M57.00S,4,1610612760,OKC,203500,Adams,S. Adams,0,0,0,,0,,,0,v,Adams REBOUND (Off:4 Def:11),Rebound,Unknown,1,0,449
0021900550,603,PT04M45.00S,4,1610612760,OKC,1628983,Gilgeous-Alexander,S. Gilgeous-Alexander,0,0,0,,0,,,0,v,Gilgeous-Alexander Out of Bounds Lost Ball Turnover (P3.T13),Turnover,Out of Bounds Lost Ball Turnover,1,0,450
0021900550,604,PT04M45.00S,4,1610612760,OKC,1627846,Nader,A. Nader,0,0,0,,0,,,0,v,SUB: Paul FOR Nader,Substitution,,0,0,451
0021900550,606,PT04M32.00S,4,1610612760,OKC,1628390,Ferguson,T. Ferguson,0,0,0,,0,,,0,v,Ferguson P.FOUL (P4.T2) (M.Kogut),Foul,Personal,1,0,452
0021900550,608,PT04M32.00S,4,0,,606,,,0,0,0,,0,92,89,181,,Instant Replay4th Period (9:39 PM EST),Instant Replay,Support Ruling,0,0,453
0021900550,609,PT04M27.00S,4,1610612751,BKN,203915,Dinwiddie,S. Dinwiddie,13,0,1,Made,1,94,89,183,h,Dinwiddie 1' Driving Layup (12 PTS),Made Shot,Driving Layup Shot,1,2,454
0021900550,610,PT04M06.00S,4,1610612760,OKC,203471,Schröder,D. Schröder,90,100,13,Missed,1,,,0,v,MISS Schroder 13' Pullup Jump Shot,Missed Shot,Pullup Jump shot,1,2,455
0021900550,611,PT04M03.00S,4,1610612751,BKN,1627752,Prince,T. Prince,0,0,0,,0,,,0,h,Prince REBOUND (Off:1 Def:7),Rebound,Unknown,1,0,456
0021900550,612,PT03M47.00S,4,1610612751,BKN,1627747,LeVert,C. LeVert,81,100,13,Missed,1,,,0,h,MISS LeVert 13' Pullup Jump Shot,Missed Shot,Pullup Jump shot,1,2,457
0021900550,613,PT03M45.00S,4,1610612751,BKN,1627747,LeVert,C. LeVert,0,0,0,,0,,,0,h,LeVert REBOUND (Off:2 Def:3),Rebound,Unknown,1,0,458
0021900550,614,PT03M44.00S,4,1610612751,BKN,1627747,LeVert,C. LeVert,55,56,8,Made,1,96,89,185,h,LeVert 8' Tip Layup Shot (17 PTS),Made Shot,Tip Layup Shot,1,2,459
0021900550,615,PT03M30.00S,4,1610612751,BKN,203915,Dinwiddie,S. Dinwiddie,0,0,0,,0,,,0,h,Dinwiddie P.FOUL (P4.T4) (M.Kogut),Foul,Personal,1,0,460
0021900550,617,PT03M25.00S,4,1610612751,BKN,203915,Dinwiddie,S. Dinwiddie,0,0,0,,0,,,0,h,Dinwiddie P.FOUL (P5.PN) (M.Kogut),Foul,Personal,1,0,461
0021900550,619,PT03M25.00S,4,1610612760,OKC,101108,Paul,C. Paul,0,0,0,,0,96,90,186,v,Paul Free Throw 1 of 2 (15 PTS),Free Throw,Free Throw 1 of 2,1,0,462
0021900550,620,PT03M25.00S,4,1610612760,OKC,101108,Paul,C. Paul,0,0,0,,0,96,91,187,v,Paul Free Throw 2 of 2 (16 PTS),Free Throw,Free Throw 2 of 2,1,0,463
0021900550,621,PT03M02.00S,4,1610612751,BKN,1627747,LeVert,C. LeVert,0,0,0,,0,,,0,h,LeVert Bad Pass Turnover (P3.T14),Turnover,Bad Pass,1,0,464
0021900550,621,PT03M02.00S,4,1610612760,OKC,203500,Adams,S. Adams,0,0,0,,0,,,0,v,Adams STEAL (1 STL),,,1,0,465
0021900550,623,PT03M00.00S,4,1610612751,BKN,1628386,Allen,J. Allen,0,0,0,,0,,,0,h,Allen P.FOUL (P2.PN) (J.Orr),Foul,Personal,1,0,466
0021900550,625,PT03M00.00S,4,1610612760,OKC,101108,Paul,C. Paul,0,0,0,,0,96,92,188,v,Paul Free Throw 1 of 2 (17 PTS),Free Throw,Free Throw 1 of 2,1,0,467
0021900550,626,PT03M00.00S,4,1610612760,OKC,101108,Paul,C. Paul,0,0,0,,0,96,93,189,v,Paul Free Throw 2 of 2 (18 PTS),Free Throw,Free Throw 2 of 2,1,0,468
0021900550,627,PT02M50.00S,4,1610612751,BKN,1627747,LeVert,C. LeVert,-117,215,24,Made,1,99,93,192,h,LeVert 24' 3PT Jump Shot (20 PTS) (Dinwiddie 6 AST),Made Shot,Jump Shot,1,3,469
0021900550,629,PT02M32.00S,4,1610612760,OKC,101108,Paul,C. Paul,-9,180,18,Made,1,99,95,194,v,Paul 18' Pullup Jump Shot (20 PTS),Made Shot,Pullup Jump shot,1,2,470
0021900550,630,PT02M14.00S,4,1610612751,BKN,203915,Dinwiddie,S. Dinwiddie,14,3,1,Missed,1,,,0,h,MISS Dinwiddie 1' Driving Layup,Missed Shot,Driving Layup Shot,1,2,471
0021900550,631,PT02M12.00S,4,1610612751,BKN,1628386,Allen,J. Allen,0,0,0,,0,,,0,h,Allen REBOUND (Off:2 Def:4),Rebound,Unknown,1,0,472
0021900550,643,PT02M12.00S,4,1610612751,BKN,1628386,Allen,J. Allen,5,3,1,Missed,1,,,0,h,MISS Allen 1' Tip Layup Shot,Missed Shot,Tip Layup Shot,1,2,473
0021900550,644,PT02M10.00S,4,1610612760,OKC,101108,Paul,C. Paul,0,0,0,,0,,,0,v,Paul REBOUND (Off:0 Def:5),Rebound,Unknown,1,0,474
0021900550,632,PT02M06.00S,4,1610612760,OKC,101108,Paul,C. Paul,187,158,24,Missed,1,,,0,v,MISS Paul 24' 3PT Jump Shot,Missed Shot,Jump Shot,1,3,475
0021900550,633,PT02M02.00S,4,1610612751,BKN,1627747,LeVert,C. LeVert,0,0,0,,0,,,0,h,LeVert REBOUND (Off:2 Def:4),Rebound,Unknown,1,0,476
0021900550,634,PT01M48.00S,4,1610612751,BKN,1627747,LeVert,C. LeVert,51,56,8,Missed,1,,,0,h,MISS LeVert 8' Hook Shot,Missed Shot,Hook Shot,1,2,477
0021900550,635,PT01M48.00S,4,1610612760,OKC,203500,Adams,S. Adams,0,0,0,,0,,,0,v,Adams REBOUND (Off:4 Def:12),Rebound,Unknown,1,0,478
0021900550,636,PT01M41.00S,4,1610612760,OKC,203471,Schröder,D. Schröder,-9,43,4,Made,1,99,97,196,v,Schroder 4' Driving Layup (14 PTS),Made Shot,Driving Layup Shot,1,2,479
0021900550,637,PT01M18.00S,4,1610612751,BKN,203915,Dinwiddie,S. Dinwiddie,18,10,2,Made,1,101,97,198,h,Dinwiddie 2' Driving Layup (14 PTS),Made Shot,Driving Layup Shot,1,2,480
0021900550,638,PT01M12.00S,4,1610612760,OKC,101108,Paul,C. Paul,3,122,12,Made,1,101,99,200,v,Paul 12' Pullup Jump Shot (22 PTS),Made Shot,Pullup Jump shot,1,2,481
0021900550,639,PT01M00.00S,4,1610612751,BKN,203915,Dinwiddie,S. Dinwiddie,-157,192,25,Missed,1,,,0,h,MISS Dinwiddie 25' 3PT Pullup Jump Shot,Missed Shot,Pullup Jump shot,1,3,482
0021900550,640,PT00M57.10S,4,1610612760,OKC,203500,Adams,S. Adams,0,0,0,,0,,,0,v,Adams REBOUND (Off:4 Def:13),Rebound,Unknown,1,0,483
0021900550,641,PT00M47.40S,4,1610612760,OKC,101108,Paul,C. Paul,101,100,14,Made,1,101,101,202,v,Paul 14' Pullup Jump Shot (24 PTS),Made Shot,Pullup Jump shot,1,2,484
0021900550,642,PT00M47.40S,4,0,,1610612751,,,0,0,0,,0,,,0,h,NETS Timeout: Regular (Full 5 Short 0),Timeout,Regular,0,0,485
0021900550,645,PT00M30.30S,4,1610612751,BKN,1627747,LeVert,C. LeVert,32,15,4,Missed,1,,,0,h,MISS LeVert 4' Layup,Missed Shot,Layup Shot,1,2,486
0021900550,646,PT00M28.00S,4,1610612760,OKC,203500,Adams,S. Adams,0,0,0,,0,,,0,v,Adams REBOUND (Off:4 Def:14),Rebound,Unknown,1,0,487
0021900550,647,PT00M11.70S,4,1610612760,OKC,101108,Paul,C. Paul,0,0,0,,0,,,0,v,Paul Out of Bounds Lost Ball Turnover (P2.T14),Turnover,Out of Bounds Lost Ball Turnover,1,0,488
0021900550,648,PT00M11.70S,4,0,,1610612751,,,0,0,0,,0,,,0,h,NETS Timeout: Regular (Full 6 Short 0),Timeout,Regular,0,0,489
0021900550,649,PT00M11.70S,4,1610612760,OKC,203471,Schröder,D. Schröder,0,0,0,,0,,,0,v,Schroder AWAY.FROM.PLAY.FOUL (P2.T3) (M.Kogut),Foul,Away From Play,1,0,490
0021900550,651,PT00M11.70S,4,1610612751,BKN,203915,Dinwiddie,S. Dinwiddie,0,0,0,,0,,,0,h,MISS Dinwiddie Free Throw 1 of 1,Free Throw,Free Throw 1 of 1,1,0,491
0021900550,652,PT00M11.70S,4,0,,1610612751,,,0,0,0,,0,,,0,h,NETS Rebound,Rebound,Unknown,0,0,492
0021900550,653,PT00M00.70S,4,1610612751,BKN,203915,Dinwiddie,S. Dinwiddie,12,126,13,Missed,1,,,0,h,MISS Dinwiddie 13' Driving Floating Jump Shot,Missed Shot,Driving Floating Jump Shot,1,2,493
0021900550,654,PT00M00.70S,4,0,,1610612751,,,0,0,0,,0,,,0,h,NETS Rebound,Rebound,Unknown,0,0,494
0021900550,655,PT00M00.00S,4,0,,0,,,0,0,0,,0,101,101,202,,End of 4th Period (9:53 PM EST),period,end,1,0,495
0021900550,658,PT05M00.00S,5,0,,0,,,0,0,0,,0,101,101,202,,Start of 1st OT (9:56 PM EST),period,start,0,0,496
0021900550,660,PT05M00.00S,5,1610612751,BKN,1628386,Allen,J. Allen,0,0,0,,0,,,0,h,Jump Ball Allen vs. Adams: Tip to Schroder,Jump Ball,,1,0,497
0021900550,663,PT04M48.00S,5,1610612751,BKN,1627752,Prince,T. Prince,0,0,0,,0,,,0,h,Prince P.FOUL (P2.T1) (S.Foster),Foul,Personal,1,0,498
0021900550,665,PT04M37.00S,5,1610612760,OKC,1628983,Gilgeous-Alexander,S. Gilgeous-Alexander,4,158,16,Made,1,101,103,204,v,Gilgeous-Alexander 16' Step Back Jump Shot (18 PTS),Made Shot,Step Back Jump shot,1,2,499
0021900550,666,PT04M18.00S,5,1610612751,BKN,203915,Dinwiddie,S. Dinwiddie,29,131,13,Missed,1,,,0,h,MISS Dinwiddie 13' Pullup Jump Shot,Missed Shot,Pullup Jump shot,1,2,500
0021900550,667,PT04M15.00S,5,1610612760,OKC,1628983,Gilgeous-Alexander,S. Gilgeous-Alexander,0,0,0,,0,,,0,v,Gilgeous-Alexander REBOUND (Off:2 Def:1),Rebound,Unknown,1,0,501
0021900550,668,PT04M09.00S,5,1610612760,OKC,1628983,Gilgeous-Alexander,S. Gilgeous-Alexander,0,0,0,,0,,,0,v,Gilgeous-Alexander Traveling Turnover (P4.T15),Turnover,Traveling,1,0,502
0021900550,669,PT03M59.00S,5,1610612751,BKN,203925,Harris,J. Harris,12,19,2,Made,1,103,103,206,h,Harris 2' Cutting Layup Shot (9 PTS) (Temple 3 AST),Made Shot,Cutting Layup Shot,1,2,503
0021900550,671,PT03M36.00S,5,1610612760,OKC,101108,Paul,C. Paul,105,-9,11,Made,1,103,105,208,v,Paul 11' Fadeaway Jumper (26 PTS) (Adams 3 AST),Made Shot,Fadeaway Jump Shot,1,2,504
0021900550,673,PT03M12.00S,5,1610612751,BKN,1627752,Prince,T. Prince,0,0,0,,0,,,0,h,Prince Bad Pass Turnover (P2.T15),Turnover,Bad Pass,1,0,505
0021900550,673,PT03M12.00S,5,1610612760,OKC,203500,Adams,S. Adams,0,0,0,,0,,,0,v,Adams STEAL (2 STL),,,1,0,506
0021900550,675,PT03M07.00S,5,1610612760,OKC,203471,Schröder,D. Schröder,-155,195,25,Missed,1,,,0,v,MISS Schroder 25' 3PT Jump Shot,Missed Shot,Jump Shot,1,3,507
0021900550,676,PT03M03.00S,5,1610612751,BKN,203915,Dinwiddie,S. Dinwiddie,0,0,0,,0,,,0,h,Dinwiddie REBOUND (Off:0 Def:4),Rebound,Unknown,1,0,508
0021900550,677,PT02M57.00S,5,1610612751,BKN,202066,Temple,G. Temple,-146,197,25,Missed,1,,,0,h,MISS Temple 25' 3PT Jump Shot,Missed Shot,Jump Shot,1,3,509
0021900550,678,PT02M57.00S,5,0,,1610612760,,,0,0,0,,0,,,0,v,Thunder Rebound,Rebound,Unknown,0,0,510
0021900550,680,PT02M39.00S,5,1610612760,OKC,101108,Paul,C. Paul,95,85,13,Made,1,103,107,210,v,Paul 13' Pullup Jump Shot (28 PTS),Made Shot,Pullup Jump shot,1,2,511
0021900550,682,PT02M23.00S,5,1610612751,BKN,203925,Harris,J. Harris,0,0,0,,0,,,0,h,Harris Step Out of Bounds Turnover (P2.T16),Turnover,Step Out of Bounds Turnover,1,0,512
0021900550,683,PT02M05.00S,5,1610612760,OKC,101108,Paul,C. Paul,0,0,0,,0,,,0,v,Paul Bad Pass Turnover (P3.T16),Turnover,Bad Pass,1,0,513
0021900550,683,PT02M05.00S,5,1610612751,BKN,202066,Temple,G. Temple,0,0,0,,0,,,0,h,Temple STEAL (1 STL),,,1,0,514
0021900550,685,PT01M54.00S,5,1610612751,BKN,203915,Dinwiddie,S. Dinwiddie,28,137,14,Missed,1,,,0,h,MISS Dinwiddie 14' Step Back Jump Shot,Missed Shot,Step Back Jump shot,1,2,515
0021900550,686,PT01M52.00S,5,0,,1610612760,,,0,0,0,,0,,,0,v,Thunder Rebound,Rebound,Unknown,0,0,516
0021900550,688,PT01M33.00S,5,1610612760,OKC,1628983,Gilgeous-Alexander,S. Gilgeous-Alexander,-8,95,10,Missed,1,,,0,v,MISS Gilgeous-Alexander 10' Driving Floating Jump Shot,Missed Shot,Driving Floating Jump Shot,1,2,517
0021900550,689,PT01M30.00S,5,1610612751,BKN,1628386,Allen,J. Allen,0,0,0,,0,,,0,h,Allen REBOUND (Off:2 Def:5),Rebound,Unknown,1,0,518
0021900550,690,PT01M15.00S,5,1610612751,BKN,1627752,Prince,T. Prince,95,235,25,Missed,1,,,0,h,MISS Prince 25' 3PT Jump Shot,Missed Shot,Jump Shot,1,3,519
0021900550,691,PT01M10.00S,5,1610612751,BKN,202066,Temple,G. Temple,0,0,0,,0,,,0,h,Temple REBOUND (Off:1 Def:2),Rebound,Unknown,1,0,520
0021900550,692,PT01M08.00S,5,1610612751,BKN,202066,Temple,G. Temple,0,0,0,,0,,,0,h,Temple Bad Pass Turnover (P3.T17),Turnover,Bad Pass,1,0,521
0021900550,692,PT01M08.00S,5,1610612760,OKC,1628983,Gilgeous-Alexander,S. Gilgeous-Alexander,0,0,0,,0,,,0,v,Gilgeous-Alexander STEAL (2 STL),,,1,0,522
0021900550,694,PT00M49.30S,5,1610612751,BKN,203925,Harris,J. Harris,0,0,0,,0,,,0,h,Harris S.FOUL (P3.T2) (J.Orr),Foul,Shooting,1,0,523
0021900550,696,PT00M49.30S,5,1610612760,OKC,1628983,Gilgeous-Alexander,S. Gilgeous-Alexander,0,0,0,,0,103,108,211,v,Gilgeous-Alexander Free Throw 1 of 2 (19 PTS),Free Throw,Free Throw 1 of 2,1,0,524
0021900550,697,PT00M49.30S,5,1610612760,OKC,1628983,Gilgeous-Alexander,S. Gilgeous-Alexander,0,0,0,,0,103,109,212,v,Gilgeous-Alexander Free Throw 2 of 2 (20 PTS),Free Throw,Free Throw 2 of 2,1,0,525
0021900550,698,PT00M49.30S,5,0,,1610612751,,,0,0,0,,0,,,0,h,NETS Timeout: Regular (Full 7 Short 0),Timeout,Regular,0,0,526
0021900550,699,PT00M42.70S,5,1610612751,BKN,203925,Harris,J. Harris,152,194,25,Missed,1,,,0,h,MISS Harris 25' 3PT Jump Shot,Missed Shot,Jump Shot,1,3,527
0021900550,700,PT00M38.70S,5,1610612751,BKN,203915,Dinwiddie,S. Dinwiddie,0,0,0,,0,,,0,h,Dinwiddie REBOUND (Off:1 Def:4),Rebound,Unknown,1,0,528
0021900550,701,PT00M34.90S,5,1610612751,BKN,1627752,Prince,T. Prince,-206,134,25,Missed,1,,,0,h,MISS Prince 25' 3PT Jump Shot,Missed Shot,Jump Shot,1,3,529
0021900550,702,PT00M32.50S,5,1610612760,OKC,1628983,Gilgeous-Alexander,S. Gilgeous-Alexander,0,0,0,,0,,,0,v,Gilgeous-Alexander REBOUND (Off:2 Def:2),Rebound,Unknown,1,0,530
0021900550,703,PT00M32.50S,5,1610612751,BKN,203925,Harris,J. Harris,0,0,0,,0,,,0,h,Harris P.FOUL (P4.PN) (J.Orr),Foul,Personal,1,0,531
0021900550,705,PT00M32.50S,5,1610612760,OKC,1628983,Gilgeous-Alexander,S. Gilgeous-Alexander,0,0,0,,0,103,110,213,v,Gilgeous-Alexander Free Throw 1 of 2 (21 PTS),Free Throw,Free Throw 1 of 2,1,0,532
0021900550,706,PT00M32.50S,5,1610612760,OKC,1628983,Gilgeous-Alexander,S. Gilgeous-Alexander,0,0,0,,0,103,111,214,v,Gilgeous-Alexander Free Throw 2 of 2 (22 PTS),Free Throw,Free Throw 2 of 2,1,0,533
0021900550,707,PT00M32.50S,5,0,,1610612751,,,0,0,0,,0,,,0,h,NETS Timeout: Regular (Full 8 Short 0),Timeout,Regular,0,0,534
0021900550,708,PT00M29.40S,5,1610612751,BKN,203925,Harris,J. Harris,27,248,25,Missed,1,,,0,h,MISS Harris 25' 3PT Jump Shot,Missed Shot,Jump Shot,1,3,535
0021900550,709,PT00M24.80S,5,1610612760,OKC,101108,Paul,C. Paul,0,0,0,,0,,,0,v,Paul REBOUND (Off:0 Def:6),Rebound,Unknown,1,0,536
0021900550,710,PT00M02.70S,5,0,,1610612760,,,0,0,0,,0,,,0,v,Thunder Turnover: Shot Clock (T#17),Turnover,Shot Clock Turnover,0,0,537
0021900550,711,PT00M00.00S,5,0,,0,,,0,0,0,,0,103,111,214,,End of 1st OT (10:08 PM EST),period,end,1,0,538
