gameId,teamId,teamCity,teamName,teamTricode,teamSlug,personIdOff,firstNameOff,familyNameOff,nameIOff,playerSlugOff,positionOff,commentOff,jerseyNumOff,personIdDef,firstNameDef,familyNameDef,nameIDef,playerSlugDef,jerseyNumDef,matchupMinutes,matchupMinutesSort,partialPossessions,percentageDefenderTotalTime,percentageOffensiveTotalTime,percentageTotalTimeBothOn,switchesOn,playerPoints,teamPoints,matchupAssists,matchupPotentialAssists,matchupTurnovers,matchupBlocks,matchupFieldGoalsMade,matchupFieldGoalsAttempted,matchupFieldGoalsPercentage,matchupThreePointersMade,matchupThreePointersAttempted,matchupThreePointersPercentage,helpBlocks,helpFieldGoalsMade,helpFieldGoalsAttempted,helpFieldGoalsPercentage,matchupFreeThrowsMade,matchupFreeThrowsAttempted,shootingFouls
0022400739,1610612760,Oklahoma City,Thunder,OKC,thunder,1631114,Jalen,Williams,J. Williams,jalen-williams,F,,8,1630534,Ochai,Agbaji,O. Agbaji,ochai-agbaji,30,1:14,74.3,6.1,0.107,0.102,0.133,0,2,9,2,0,1,0,1,1,1.0,0,0,0.0,0,0,0,0.0,0,0,0
0022400739,1610612760,Oklahoma City,Thunder,OKC,thunder,1631114,Jalen,Williams,J. Williams,jalen-williams,F,,8,1630567,Scottie,Barnes,S. Barnes,scottie-barnes,4,1:59,118.7,12.0,0.153,0.163,0.206,0,2,4,0,0,1,0,1,4,0.25,0,1,0.0,0,0,0,0.0,0,0,0
0022400739,1610612760,Oklahoma City,Thunder,OKC,thunder,1631114,Jalen,Williams,J. Williams,jalen-williams,F,,8,1642419,Jamison,Battle,J. Battle,jamison-battle,77,0:27,26.6,3.0,0.072,0.037,0.106,0,2,4,0,0,0,0,0,1,0.0,0,0,0.0,0,0,0,0.0,2,2,1
0022400739,1610612760,Oklahoma City,Thunder,OKC,thunder,1631114,Jalen,Williams,J. Williams,jalen-williams,F,,8,1628449,Chris,Boucher,C. Boucher,chris-boucher,25,0:33,32.6,2.0,0.096,0.045,0.243,0,2,2,0,0,0,0,1,2,0.5,0,1,0.0,0,0,0,0.0,0,0,0
0022400739,1610612760,Oklahoma City,Thunder,OKC,thunder,1631114,Jalen,Williams,J. Williams,jalen-williams,F,,8,1641711,Gradey,Dick,G. Dick,gradey-dick,1,2:55,175.1,16.6,0.271,0.24,0.333,0,6,17,0,0,0,0,2,7,0.286,0,1,0.0,0,0,0,0.0,2,3,2
0022400739,1610612760,Oklahoma City,Thunder,OKC,thunder,1631114,Jalen,Williams,J. Williams,jalen-williams,F,,8,1642367,Jonathan,Mogbo,J. Mogbo,jonathan-mogbo,2,2:19,139.4,11.5,0.212,0.191,0.293,0,4,18,0,0,1,0,2,3,0.667,0,0,0.0,0,0,0,0.0,0,1,1
0022400739,1610612760,Oklahoma City,Thunder,OKC,thunder,1631114,Jalen,Williams,J. Williams,jalen-williams,F,,8,1630193,Immanuel,Quickley,I. Quickley,immanuel-quickley,5,0:35,35.0,3.3,0.057,0.048,0.084,0,3,3,0,0,0,0,1,1,1.0,0,0,0.0,0,0,0,0.0,1,1,1
0022400739,1610612760,Oklahoma City,Thunder,OKC,thunder,1631114,Jalen,Williams,J. Williams,jalen-williams,F,,8,1631115,Orlando,Robinson,O. Robinson,orlando-robinson,21,0:24,23.8,2.4,0.061,0.033,0.126,0,3,3,0,0,0,0,1,3,0.333,0,0,0.0,0,0,0,0.0,1,1,1
0022400739,1610612760,Oklahoma City,Thunder,OKC,thunder,1631114,Jalen,Williams,J. Williams,jalen-williams,F,,8,1642347,Jamal,Shead,J. Shead,jamal-shead,23,1:20,80.0,6.9,0.141,0.11,0.256,0,5,12,1,0,0,0,2,2,1.0,1,1,1.0,0,0,0,0.0,0,0,0
0022400739,1610612760,Oklahoma City,Thunder,OKC,thunder,1631114,Jalen,Williams,J. Williams,jalen-williams,F,,8,1642266,Ja'Kobe,Walter,J. Walter,jakobe-walter,14,0:17,17.5,3.0,0.034,0.024,0.086,0,0,5,1,0,1,0,0,0,0.0,0,0,0.0,0,0,0,0.0,0,0,0
0022400739,1610612760,Oklahoma City,Thunder,OKC,thunder,1631096,Chet,Holmgren,C. Holmgren,chet-holmgren,F,,7,1630534,Ochai,Agbaji,O. Agbaji,ochai-agbaji,30,1:40,99.7,9.0,0.143,0.193,0.198,0,0,15,1,0,0,0,0,0,0.0,0,0,0.0,0,0,0,0.0,0,0,0
0022400739,1610612760,Oklahoma City,Thunder,OKC,thunder,1631096,Chet,Holmgren,C. Holmgren,chet-holmgren,F,,7,1630567,Scottie,Barnes,S. Barnes,scottie-barnes,4,3:11,191.1,16.4,0.247,0.371,0.466,0,0,15,0,0,1,1,0,1,0.0,0,0,0.0,0,0,0,0.0,0,0,0
0022400739,1610612760,Oklahoma City,Thunder,OKC,thunder,1631096,Chet,Holmgren,C. Holmgren,chet-holmgren,F,,7,1642419,Jamison,Battle,J. Battle,jamison-battle,77,0:13,12.7,1.3,0.035,0.025,0.08,0,0,0,0,0,0,0,0,0,0.0,0,0,0.0,0,0,0,0.0,0,0,0
0022400739,1610612760,Oklahoma City,Thunder,OKC,thunder,1631096,Chet,Holmgren,C. Holmgren,chet-holmgren,F,,7,1628449,Chris,Boucher,C. Boucher,chris-boucher,25,0:03,2.9,0.1,0.009,0.006,0.123,0,0,0,0,0,0,0,0,0,0.0,0,0,0.0,0,0,0,0.0,0,0,0
0022400739,1610612760,Oklahoma City,Thunder,OKC,thunder,1631096,Chet,Holmgren,C. Holmgren,chet-holmgren,F,,7,1641711,Gradey,Dick,G. Dick,gradey-dick,1,0:26,25.8,4.1,0.04,0.05,0.064,0,0,5,0,0,0,0,0,0,0.0,0,0,0.0,0,0,0,0.0,0,0,0
0022400739,1610612760,Oklahoma City,Thunder,OKC,thunder,1631096,Chet,Holmgren,C. Holmgren,chet-holmgren,F,,7,1642367,Jonathan,Mogbo,J. Mogbo,jonathan-mogbo,2,1:41,101.4,9.0,0.154,0.197,0.252,0,4,18,0,0,0,0,2,3,0.667,0,1,0.0,0,0,0,0.0,0,0,0
0022400739,1610612760,Oklahoma City,Thunder,OKC,thunder,1631096,Chet,Holmgren,C. Holmgren,chet-holmgren,F,,7,1630193,Immanuel,Quickley,I. Quickley,immanuel-quickley,5,0:14,14.3,1.5,0.023,0.028,0.051,0,0,5,0,0,0,0,0,0,0.0,0,0,0.0,0,0,0,0.0,0,0,0
0022400739,1610612760,Oklahoma City,Thunder,OKC,thunder,1631096,Chet,Holmgren,C. Holmgren,chet-holmgren,F,,7,1631115,Orlando,Robinson,O. Robinson,orlando-robinson,21,0:01,1.4,0.2,0.004,0.003,0.029,0,0,0,0,0,0,0,0,0,0.0,0,0,0.0,0,0,0,0.0,0,0,0
0022400739,1610612760,Oklahoma City,Thunder,OKC,thunder,1631096,Chet,Holmgren,C. Holmgren,chet-holmgren,F,,7,1642347,Jamal,Shead,J. Shead,jamal-shead,23,0:23,23.0,1.6,0.041,0.045,0.077,0,0,6,0,0,0,0,0,0,0.0,0,0,0.0,0,0,0,0.0,0,0,0
0022400739,1610612760,Oklahoma City,Thunder,OKC,thunder,1631096,Chet,Holmgren,C. Holmgren,chet-holmgren,F,,7,1642266,Ja'Kobe,Walter,J. Walter,jakobe-walter,14,0:20,20.1,1.3,0.039,0.039,0.442,0,0,0,0,0,0,1,0,1,0.0,0,0,0.0,0,0,0,0.0,0,0,0
0022400739,1610612760,Oklahoma City,Thunder,OKC,thunder,1628392,Isaiah,Hartenstein,I. Hartenstein,isaiah-hartenstein,C,,55,1630534,Ochai,Agbaji,O. Agbaji,ochai-agbaji,30,0:48,48.2,7.3,0.069,0.086,0.119,0,0,8,0,0,0,0,0,0,0.0,0,0,0.0,0,0,0,0.0,0,0,0
0022400739,1610612760,Oklahoma City,Thunder,OKC,thunder,1628392,Isaiah,Hartenstein,I. Hartenstein,isaiah-hartenstein,C,,55,1630567,Scottie,Barnes,S. Barnes,scottie-barnes,4,2:24,144.0,12.8,0.186,0.256,0.285,0,8,17,1,0,0,0,4,4,1.0,0,0,0.0,0,0,0,0.0,0,0,0
0022400739,1610612760,Oklahoma City,Thunder,OKC,thunder,1628392,Isaiah,Hartenstein,I. Hartenstein,isaiah-hartenstein,C,,55,1642419,Jamison,Battle,J. Battle,jamison-battle,77,0:16,15.8,1.5,0.043,0.028,0.119,0,0,2,0,0,0,0,0,0,0.0,0,0,0.0,0,0,0,0.0,0,0,0
0022400739,1610612760,Oklahoma City,Thunder,OKC,thunder,1628392,Isaiah,Hartenstein,I. Hartenstein,isaiah-hartenstein,C,,55,1628449,Chris,Boucher,C. Boucher,chris-boucher,25,0:19,19.0,1.1,0.056,0.034,0.216,0,0,4,0,0,0,0,0,0,0.0,0,0,0.0,0,0,0,0.0,0,2,1
0022400739,1610612760,Oklahoma City,Thunder,OKC,thunder,1628392,Isaiah,Hartenstein,I. Hartenstein,isaiah-hartenstein,C,,55,1641711,Gradey,Dick,G. Dick,gradey-dick,1,1:00,59.8,4.9,0.093,0.106,0.161,0,0,10,0,0,0,0,0,0,0.0,0,0,0.0,0,0,0,0.0,0,0,0
0022400739,1610612760,Oklahoma City,Thunder,OKC,thunder,1628392,Isaiah,Hartenstein,I. Hartenstein,isaiah-hartenstein,C,,55,1642367,Jonathan,Mogbo,J. Mogbo,jonathan-mogbo,2,2:31,150.5,13.6,0.229,0.268,0.364,0,2,8,0,0,0,0,1,1,1.0,0,0,0.0,0,0,0,0.0,0,0,0
0022400739,1610612760,Oklahoma City,Thunder,OKC,thunder,1628392,Isaiah,Hartenstein,I. Hartenstein,isaiah-hartenstein,C,,55,1630193,Immanuel,Quickley,I. Quickley,immanuel-quickley,5,0:34,33.7,3.0,0.055,0.06,0.081,0,2,6,0,0,0,0,1,1,1.0,0,0,0.0,0,0,0,0.0,0,0,0
0022400739,1610612760,Oklahoma City,Thunder,OKC,thunder,1628392,Isaiah,Hartenstein,I. Hartenstein,isaiah-hartenstein,C,,55,1631115,Orlando,Robinson,O. Robinson,orlando-robinson,21,1:51,110.8,10.1,0.282,0.197,0.779,0,2,8,0,0,1,0,1,2,0.5,0,0,0.0,0,0,0,0.0,0,0,0
0022400739,1610612760,Oklahoma City,Thunder,OKC,thunder,1628392,Isaiah,Hartenstein,I. Hartenstein,isaiah-hartenstein,C,,55,1642347,Jamal,Shead,J. Shead,jamal-shead,23,0:06,5.6,0.7,0.01,0.01,0.038,0,0,3,0,0,0,0,0,0,0.0,0,0,0.0,0,0,0,0.0,0,0,0
0022400739,1610612760,Oklahoma City,Thunder,OKC,thunder,1628392,Isaiah,Hartenstein,I. Hartenstein,isaiah-hartenstein,C,,55,1642266,Ja'Kobe,Walter,J. Walter,jakobe-walter,14,0:11,10.5,0.9,0.02,0.019,0.055,0,0,2,1,0,0,0,0,0,0.0,0,0,0.0,0,0,0,0.0,0,0,0
0022400739,1610612760,Oklahoma City,Thunder,OKC,thunder,1630598,Aaron,Wiggins,A. Wiggins,aaron-wiggins,G,,21,1630534,Ochai,Agbaji,O. Agbaji,ochai-agbaji,30,0:56,56.1,4.9,0.081,0.075,0.102,0,2,13,1,0,0,0,1,1,1.0,0,0,0.0,0,0,0,0.0,0,0,0
0022400739,1610612760,Oklahoma City,Thunder,OKC,thunder,1630598,Aaron,Wiggins,A. Wiggins,aaron-wiggins,G,,21,1630567,Scottie,Barnes,S. Barnes,scottie-barnes,4,0:28,27.8,1.7,0.036,0.037,0.047,0,2,4,1,0,0,0,0,0,0.0,0,0,0.0,0,0,0,0.0,2,2,1
0022400739,1610612760,Oklahoma City,Thunder,OKC,thunder,1630598,Aaron,Wiggins,A. Wiggins,aaron-wiggins,G,,21,1642419,Jamison,Battle,J. Battle,jamison-battle,77,0:57,56.6,4.7,0.154,0.076,0.242,0,0,5,0,0,0,0,0,1,0.0,0,1,0.0,0,0,0,0.0,0,0,0
0022400739,1610612760,Oklahoma City,Thunder,OKC,thunder,1630598,Aaron,Wiggins,A. Wiggins,aaron-wiggins,G,,21,1628449,Chris,Boucher,C. Boucher,chris-boucher,25,0:13,12.6,1.8,0.037,0.017,0.124,0,0,2,0,0,0,0,0,0,0.0,0,0,0.0,0,0,0,0.0,0,0,0
0022400739,1610612760,Oklahoma City,Thunder,OKC,thunder,1630598,Aaron,Wiggins,A. Wiggins,aaron-wiggins,G,,21,1641711,Gradey,Dick,G. Dick,gradey-dick,1,1:51,111.0,10.1,0.172,0.149,0.202,0,5,15,0,0,0,0,2,3,0.667,1,2,0.5,0,0,0,0.0,0,0,0
0022400739,1610612760,Oklahoma City,Thunder,OKC,thunder,1630598,Aaron,Wiggins,A. Wiggins,aaron-wiggins,G,,21,1642367,Jonathan,Mogbo,J. Mogbo,jonathan-mogbo,2,0:45,44.8,4.9,0.068,0.06,0.078,0,3,6,1,0,0,0,1,3,0.333,0,1,0.0,0,0,0,0.0,1,1,1
0022400739,1610612760,Oklahoma City,Thunder,OKC,thunder,1630598,Aaron,Wiggins,A. Wiggins,aaron-wiggins,G,,21,1630193,Immanuel,Quickley,I. Quickley,immanuel-quickley,5,3:29,209.5,19.9,0.341,0.282,0.476,0,2,20,0,0,0,0,1,2,0.5,0,0,0.0,0,0,0,0.0,0,0,0
0022400739,1610612760,Oklahoma City,Thunder,OKC,thunder,1630598,Aaron,Wiggins,A. Wiggins,aaron-wiggins,G,,21,1631115,Orlando,Robinson,O. Robinson,orlando-robinson,21,0:09,9.0,1.4,0.023,0.012,0.079,0,2,5,0,0,0,0,1,1,1.0,0,0,0.0,0,0,0,0.0,0,0,0
0022400739,1610612760,Oklahoma City,Thunder,OKC,thunder,1630598,Aaron,Wiggins,A. Wiggins,aaron-wiggins,G,,21,1642347,Jamal,Shead,J. Shead,jamal-shead,23,2:02,122.0,8.7,0.216,0.164,0.331,0,4,7,0,0,0,0,2,3,0.667,0,1,0.0,0,0,0,0.0,0,0,0
0022400739,1610612760,Oklahoma City,Thunder,OKC,thunder,1630598,Aaron,Wiggins,A. Wiggins,aaron-wiggins,G,,21,1642266,Ja'Kobe,Walter,J. Walter,jakobe-walter,14,1:23,82.8,7.4,0.16,0.111,0.432,0,0,6,0,0,0,0,0,1,0.0,0,0,0.0,0,0,0,0.0,0,0,0
0022400739,1610612760,Oklahoma City,Thunder,OKC,thunder,1628983,Shai,Gilgeous-Alexander,S. Gilgeous-Alexander,shai-gilgeous-alexander,G,,2,1630534,Ochai,Agbaji,O. Agbaji,ochai-agbaji,30,5:17,316.9,24.4,0.456,0.465,0.577,0,0,26,3,0,1,0,0,3,0.0,0,3,0.0,0,0,0,0.0,0,0,0
0022400739,1610612760,Oklahoma City,Thunder,OKC,thunder,1628983,Shai,Gilgeous-Alexander,S. Gilgeous-Alexander,shai-gilgeous-alexander,G,,2,1630567,Scottie,Barnes,S. Barnes,scottie-barnes,4,1:51,111.0,10.2,0.144,0.163,0.206,0,2,14,1,0,1,0,1,1,1.0,0,0,0.0,0,0,0,0.0,0,0,0
0022400739,1610612760,Oklahoma City,Thunder,OKC,thunder,1628983,Shai,Gilgeous-Alexander,S. Gilgeous-Alexander,shai-gilgeous-alexander,G,,2,1628449,Chris,Boucher,C. Boucher,chris-boucher,25,0:27,27.4,1.8,0.081,0.04,0.1,0,5,5,0,0,0,0,0,0,0.0,0,0,0.0,0,0,0,0.0,5,5,0
0022400739,1610612760,Oklahoma City,Thunder,OKC,thunder,1628983,Shai,Gilgeous-Alexander,S. Gilgeous-Alexander,shai-gilgeous-alexander,G,,2,1641711,Gradey,Dick,G. Dick,gradey-dick,1,0:36,35.6,2.5,0.055,0.052,0.085,0,0,2,0,0,0,1,0,1,0.0,0,0,0.0,0,0,0,0.0,0,0,0
0022400739,1610612760,Oklahoma City,Thunder,OKC,thunder,1628983,Shai,Gilgeous-Alexander,S. Gilgeous-Alexander,shai-gilgeous-alexander,G,,2,1642367,Jonathan,Mogbo,J. Mogbo,jonathan-mogbo,2,0:57,56.7,6.0,0.086,0.083,0.148,0,7,13,1,0,0,0,2,4,0.5,1,2,0.5,0,0,0,0.0,2,2,1
0022400739,1610612760,Oklahoma City,Thunder,OKC,thunder,1628983,Shai,Gilgeous-Alexander,S. Gilgeous-Alexander,shai-gilgeous-alexander,G,,2,1630193,Immanuel,Quickley,I. Quickley,immanuel-quickley,5,1:03,62.7,4.1,0.102,0.092,0.128,0,0,7,0,0,1,0,0,0,0.0,0,0,0.0,0,0,0,0.0,0,0,0
0022400739,1610612760,Oklahoma City,Thunder,OKC,thunder,1628983,Shai,Gilgeous-Alexander,S. Gilgeous-Alexander,shai-gilgeous-alexander,G,,2,1631115,Orlando,Robinson,O. Robinson,orlando-robinson,21,0:27,26.6,2.9,0.068,0.039,0.089,0,2,4,0,0,0,0,1,1,1.0,0,0,0.0,0,0,0,0.0,0,0,0
0022400739,1610612760,Oklahoma City,Thunder,OKC,thunder,1628983,Shai,Gilgeous-Alexander,S. Gilgeous-Alexander,shai-gilgeous-alexander,G,,2,1642347,Jamal,Shead,J. Shead,jamal-shead,23,0:29,29.4,3.6,0.052,0.043,0.114,0,2,6,1,0,0,0,0,1,0.0,0,1,0.0,0,0,0,0.0,2,2,0
0022400739,1610612760,Oklahoma City,Thunder,OKC,thunder,1628983,Shai,Gilgeous-Alexander,S. Gilgeous-Alexander,shai-gilgeous-alexander,G,,2,1642266,Ja'Kobe,Walter,J. Walter,jakobe-walter,14,0:19,19.1,1.7,0.037,0.028,0.096,0,6,6,0,0,0,0,1,1,1.0,0,0,0.0,0,0,0,0.0,4,4,2
0022400739,1610612760,Oklahoma City,Thunder,OKC,thunder,1631119,Jaylin,Williams,J. Williams,jaylin-williams,,,6,1630534,Ochai,Agbaji,O. Agbaji,ochai-agbaji,30,0:25,24.9,2.6,0.036,0.057,0.103,0,0,2,0,0,0,0,0,0,0.0,0,0,0.0,0,0,0,0.0,0,0,0
0022400739,1610612760,Oklahoma City,Thunder,OKC,thunder,1631119,Jaylin,Williams,J. Williams,jaylin-williams,,,6,1630567,Scottie,Barnes,S. Barnes,scottie-barnes,4,0:59,59.1,4.1,0.076,0.135,0.232,0,0,9,0,0,2,0,0,0,0.0,0,0,0.0,0,0,0,0.0,0,0,0
0022400739,1610612760,Oklahoma City,Thunder,OKC,thunder,1631119,Jaylin,Williams,J. Williams,jaylin-williams,,,6,1642419,Jamison,Battle,J. Battle,jamison-battle,77,0:06,6.4,0.5,0.018,0.015,0.054,0,2,2,0,0,0,0,1,1,1.0,0,0,0.0,0,0,0,0.0,0,0,0
0022400739,1610612760,Oklahoma City,Thunder,OKC,thunder,1631119,Jaylin,Williams,J. Williams,jaylin-williams,,,6,1628449,Chris,Boucher,C. Boucher,chris-boucher,25,0:35,35.0,2.3,0.104,0.08,0.14,0,0,0,0,0,1,0,0,0,0.0,0,0,0.0,0,0,0,0.0,0,0,0
0022400739,1610612760,Oklahoma City,Thunder,OKC,thunder,1631119,Jaylin,Williams,J. Williams,jaylin-williams,,,6,1641711,Gradey,Dick,G. Dick,gradey-dick,1,0:04,4.0,0.4,0.006,0.009,0.023,0,0,0,0,0,0,0,0,0,0.0,0,0,0.0,0,0,0,0.0,0,0,0
0022400739,1610612760,Oklahoma City,Thunder,OKC,thunder,1631119,Jaylin,Williams,J. Williams,jaylin-williams,,,6,1642367,Jonathan,Mogbo,J. Mogbo,jonathan-mogbo,2,1:12,72.1,4.9,0.11,0.165,0.561,0,0,4,1,0,0,0,0,0,0.0,0,0,0.0,0,0,0,0.0,0,0,0
0022400739,1610612760,Oklahoma City,Thunder,OKC,thunder,1631119,Jaylin,Williams,J. Williams,jaylin-williams,,,6,1630193,Immanuel,Quickley,I. Quickley,immanuel-quickley,5,0:06,6.0,0.3,0.01,0.014,0.03,0,0,0,0,0,0,0,0,0,0.0,0,0,0.0,0,0,0,0.0,0,0,0
0022400739,1610612760,Oklahoma City,Thunder,OKC,thunder,1631119,Jaylin,Williams,J. Williams,jaylin-williams,,,6,1631115,Orlando,Robinson,O. Robinson,orlando-robinson,21,2:26,146.4,11.8,0.373,0.335,0.584,0,0,20,1,0,0,0,0,2,0.0,0,2,0.0,0,0,0,0.0,0,0,0
0022400739,1610612760,Oklahoma City,Thunder,OKC,thunder,1631119,Jaylin,Williams,J. Williams,jaylin-williams,,,6,1642347,Jamal,Shead,J. Shead,jamal-shead,23,0:26,26.1,1.8,0.046,0.06,0.086,0,0,5,0,0,0,0,0,0,0.0,0,0,0.0,0,0,0,0.0,0,0,0
0022400739,1610612760,Oklahoma City,Thunder,OKC,thunder,1631119,Jaylin,Williams,J. Williams,jaylin-williams,,,6,1642266,Ja'Kobe,Walter,J. Walter,jakobe-walter,14,0:46,45.8,2.9,0.088,0.105,0.175,0,2,8,1,0,0,0,1,1,1.0,0,0,0.0,0,0,0,0.0,0,0,0
0022400739,1610612760,Oklahoma City,Thunder,OKC,thunder,1630198,Isaiah,Joe,I. Joe,isaiah-joe,,,11,1630534,Ochai,Agbaji,O. Agbaji,ochai-agbaji,30,0:26,26.4,2.5,0.038,0.046,0.096,0,0,5,0,0,0,0,0,0,0.0,0,0,0.0,0,0,0,0.0,0,0,0
0022400739,1610612760,Oklahoma City,Thunder,OKC,thunder,1630198,Isaiah,Joe,I. Joe,isaiah-joe,,,11,1630567,Scottie,Barnes,S. Barnes,scottie-barnes,4,0:21,20.8,2.3,0.027,0.036,0.055,0,0,2,1,0,0,0,0,0,0.0,0,0,0.0,0,0,0,0.0,0,0,0
0022400739,1610612760,Oklahoma City,Thunder,OKC,thunder,1630198,Isaiah,Joe,I. Joe,isaiah-joe,,,11,1642419,Jamison,Battle,J. Battle,jamison-battle,77,0:09,8.7,1.3,0.024,0.015,0.037,0,0,0,0,0,0,0,0,0,0.0,0,0,0.0,0,0,0,0.0,0,0,0
0022400739,1610612760,Oklahoma City,Thunder,OKC,thunder,1630198,Isaiah,Joe,I. Joe,isaiah-joe,,,11,1628449,Chris,Boucher,C. Boucher,chris-boucher,25,0:44,44.4,4.5,0.131,0.077,0.141,0,2,2,0,0,1,0,1,1,1.0,0,0,0.0,0,0,0,0.0,0,0,0
0022400739,1610612760,Oklahoma City,Thunder,OKC,thunder,1630198,Isaiah,Joe,I. Joe,isaiah-joe,,,11,1641711,Gradey,Dick,G. Dick,gradey-dick,1,0:52,52.2,3.6,0.081,0.09,0.346,0,3,8,0,0,0,0,1,1,1.0,1,1,1.0,0,0,0,0.0,0,0,0
0022400739,1610612760,Oklahoma City,Thunder,OKC,thunder,1630198,Isaiah,Joe,I. Joe,isaiah-joe,,,11,1642367,Jonathan,Mogbo,J. Mogbo,jonathan-mogbo,2,0:19,19.3,1.4,0.029,0.033,0.104,0,0,2,0,0,0,0,0,1,0.0,0,1,0.0,0,0,0,0.0,0,0,0
0022400739,1610612760,Oklahoma City,Thunder,OKC,thunder,1630198,Isaiah,Joe,I. Joe,isaiah-joe,,,11,1630193,Immanuel,Quickley,I. Quickley,immanuel-quickley,5,1:57,117.0,9.6,0.191,0.202,0.414,0,3,10,1,0,1,0,1,1,1.0,1,1,1.0,0,0,0,0.0,0,0,0
0022400739,1610612760,Oklahoma City,Thunder,OKC,thunder,1630198,Isaiah,Joe,I. Joe,isaiah-joe,,,11,1631115,Orlando,Robinson,O. Robinson,orlando-robinson,21,0:16,15.6,1.0,0.04,0.027,0.045,0,3,3,0,0,1,0,1,1,1.0,1,1,1.0,0,0,0,0.0,0,0,0
0022400739,1610612760,Oklahoma City,Thunder,OKC,thunder,1630198,Isaiah,Joe,I. Joe,isaiah-joe,,,11,1642347,Jamal,Shead,J. Shead,jamal-shead,23,2:45,164.6,13.7,0.291,0.285,0.511,0,0,17,0,0,0,0,0,0,0.0,0,0,0.0,0,0,0,0.0,0,0,0
0022400739,1610612760,Oklahoma City,Thunder,OKC,thunder,1630198,Isaiah,Joe,I. Joe,isaiah-joe,,,11,1642266,Ja'Kobe,Walter,J. Walter,jakobe-walter,14,1:33,93.1,9.2,0.18,0.161,0.232,0,5,9,0,0,0,0,2,2,1.0,1,1,1.0,0,0,0,0.0,0,0,0
0022400739,1610612760,Oklahoma City,Thunder,OKC,thunder,1641794,Dillon,Jones,D. Jones,dillon-jones,,,3,1630567,Scottie,Barnes,S. Barnes,scottie-barnes,4,0:10,9.8,1.3,0.013,0.044,0.138,0,0,2,0,0,0,1,0,2,0.0,0,1,0.0,0,0,0,0.0,0,0,0
0022400739,1610612760,Oklahoma City,Thunder,OKC,thunder,1641794,Dillon,Jones,D. Jones,dillon-jones,,,3,1642419,Jamison,Battle,J. Battle,jamison-battle,77,0:50,50.0,3.7,0.136,0.225,0.431,0,0,6,0,0,0,0,0,0,0.0,0,0,0.0,0,0,0,0.0,0,0,0
0022400739,1610612760,Oklahoma City,Thunder,OKC,thunder,1641794,Dillon,Jones,D. Jones,dillon-jones,,,3,1628449,Chris,Boucher,C. Boucher,chris-boucher,25,0:28,27.6,2.3,0.082,0.124,0.26,0,0,3,0,0,0,0,0,0,0.0,0,0,0.0,0,0,0,0.0,0,0,0
0022400739,1610612760,Oklahoma City,Thunder,OKC,thunder,1641794,Dillon,Jones,D. Jones,dillon-jones,,,3,1641711,Gradey,Dick,G. Dick,gradey-dick,1,0:47,46.6,3.7,0.072,0.21,0.386,0,0,6,0,0,0,0,0,0,0.0,0,0,0.0,0,0,0,0.0,0,0,0
0022400739,1610612760,Oklahoma City,Thunder,OKC,thunder,1641794,Dillon,Jones,D. Jones,dillon-jones,,,3,1642367,Jonathan,Mogbo,J. Mogbo,jonathan-mogbo,2,0:01,1.4,0.1,0.002,0.006,0.012,0,0,0,0,0,0,0,0,0,0.0,0,0,0.0,0,0,0,0.0,0,0,0
0022400739,1610612760,Oklahoma City,Thunder,OKC,thunder,1641794,Dillon,Jones,D. Jones,dillon-jones,,,3,1630193,Immanuel,Quickley,I. Quickley,immanuel-quickley,5,0:07,7.1,1.1,0.012,0.032,0.099,0,0,2,0,0,0,0,0,1,0.0,0,0,0.0,0,0,0,0.0,0,0,0
0022400739,1610612760,Oklahoma City,Thunder,OKC,thunder,1641794,Dillon,Jones,D. Jones,dillon-jones,,,3,1631115,Orlando,Robinson,O. Robinson,orlando-robinson,21,0:10,10.4,0.6,0.027,0.047,0.098,0,0,0,0,0,0,0,0,0,0.0,0,0,0.0,0,0,0,0.0,0,0,0
0022400739,1610612760,Oklahoma City,Thunder,OKC,thunder,1641794,Dillon,Jones,D. Jones,dillon-jones,,,3,1642347,Jamal,Shead,J. Shead,jamal-shead,23,0:18,18.2,1.7,0.032,0.082,0.12,0,0,3,0,0,0,0,0,0,0.0,0,0,0.0,0,0,0,0.0,0,0,0
0022400739,1610612760,Oklahoma City,Thunder,OKC,thunder,1641794,Dillon,Jones,D. Jones,dillon-jones,,,3,1642266,Ja'Kobe,Walter,J. Walter,jakobe-walter,14,1:01,61.5,3.8,0.119,0.276,0.283,0,0,8,0,0,0,0,0,0,0.0,0,0,0.0,0,0,0,0.0,0,0,0
0022400739,1610612760,Oklahoma City,Thunder,OKC,thunder,1627936,Alex,Caruso,A. Caruso,alex-caruso,,,9,1630534,Ochai,Agbaji,O. Agbaji,ochai-agbaji,30,0:30,30.1,1.7,0.043,0.065,0.134,0,0,10,0,0,0,0,0,0,0.0,0,0,0.0,0,0,0,0.0,0,0,0
0022400739,1610612760,Oklahoma City,Thunder,OKC,thunder,1627936,Alex,Caruso,A. Caruso,alex-caruso,,,9,1630567,Scottie,Barnes,S. Barnes,scottie-barnes,4,0:51,50.8,3.7,0.066,0.11,0.142,0,0,0,1,0,0,0,0,1,0.0,0,1,0.0,0,0,0,0.0,0,0,0
0022400739,1610612760,Oklahoma City,Thunder,OKC,thunder,1627936,Alex,Caruso,A. Caruso,alex-caruso,,,9,1642419,Jamison,Battle,J. Battle,jamison-battle,77,0:38,37.6,3.1,0.102,0.081,0.463,0,0,2,0,0,0,0,0,0,0.0,0,0,0.0,0,0,0,0.0,0,0,0
0022400739,1610612760,Oklahoma City,Thunder,OKC,thunder,1627936,Alex,Caruso,A. Caruso,alex-caruso,,,9,1628449,Chris,Boucher,C. Boucher,chris-boucher,25,1:32,92.3,8.9,0.273,0.199,0.344,0,5,17,0,0,0,0,2,2,1.0,1,1,1.0,0,0,0,0.0,0,0,0
0022400739,1610612760,Oklahoma City,Thunder,OKC,thunder,1627936,Alex,Caruso,A. Caruso,alex-caruso,,,9,1641711,Gradey,Dick,G. Dick,gradey-dick,1,0:20,20.5,1.2,0.032,0.044,0.239,0,0,2,1,0,0,0,0,0,0.0,0,0,0.0,0,0,0,0.0,0,0,0
0022400739,1610612760,Oklahoma City,Thunder,OKC,thunder,1627936,Alex,Caruso,A. Caruso,alex-caruso,,,9,1642367,Jonathan,Mogbo,J. Mogbo,jonathan-mogbo,2,0:10,9.5,1.0,0.014,0.021,0.045,0,0,0,0,0,0,0,0,0,0.0,0,0,0.0,0,0,0,0.0,0,0,0
0022400739,1610612760,Oklahoma City,Thunder,OKC,thunder,1627936,Alex,Caruso,A. Caruso,alex-caruso,,,9,1630193,Immanuel,Quickley,I. Quickley,immanuel-quickley,5,2:03,122.9,10.4,0.2,0.266,0.35,0,3,9,1,0,0,0,1,1,1.0,1,1,1.0,0,0,0,0.0,0,0,0
0022400739,1610612760,Oklahoma City,Thunder,OKC,thunder,1627936,Alex,Caruso,A. Caruso,alex-caruso,,,9,1631115,Orlando,Robinson,O. Robinson,orlando-robinson,21,0:17,17.2,1.2,0.044,0.037,0.07,0,0,0,0,0,0,0,0,0,0.0,0,0,0.0,0,0,0,0.0,0,0,0
0022400739,1610612760,Oklahoma City,Thunder,OKC,thunder,1627936,Alex,Caruso,A. Caruso,alex-caruso,,,9,1642347,Jamal,Shead,J. Shead,jamal-shead,23,0:34,34.4,3.0,0.061,0.074,0.228,0,2,6,0,0,0,0,1,1,1.0,0,0,0.0,0,0,0,0.0,0,0,0
0022400739,1610612760,Oklahoma City,Thunder,OKC,thunder,1627936,Alex,Caruso,A. Caruso,alex-caruso,,,9,1642266,Ja'Kobe,Walter,J. Walter,jakobe-walter,14,1:06,66.1,6.1,0.128,0.143,0.196,0,0,5,2,0,0,0,0,1,0.0,0,1,0.0,0,0,0,0.0,0,0,0
0022400739,1610612760,Oklahoma City,Thunder,OKC,thunder,1629026,Kenrich,Williams,K. Williams,kenrich-williams,,,34,1630534,Ochai,Agbaji,O. Agbaji,ochai-agbaji,30,0:19,19.0,1.9,0.027,0.046,0.143,0,0,0,0,0,0,0,0,0,0.0,0,0,0.0,0,0,0,0.0,0,0,0
0022400739,1610612760,Oklahoma City,Thunder,OKC,thunder,1629026,Kenrich,Williams,K. Williams,kenrich-williams,,,34,1630567,Scottie,Barnes,S. Barnes,scottie-barnes,4,0:41,40.5,3.8,0.052,0.097,0.223,0,0,4,0,0,0,1,0,2,0.0,0,1,0.0,0,0,0,0.0,0,0,0
0022400739,1610612760,Oklahoma City,Thunder,OKC,thunder,1629026,Kenrich,Williams,K. Williams,kenrich-williams,,,34,1642419,Jamison,Battle,J. Battle,jamison-battle,77,1:57,117.0,10.1,0.318,0.281,0.409,0,0,11,0,0,0,0,0,0,0.0,0,0,0.0,0,0,0,0.0,0,0,0
0022400739,1610612760,Oklahoma City,Thunder,OKC,thunder,1629026,Kenrich,Williams,K. Williams,kenrich-williams,,,34,1628449,Chris,Boucher,C. Boucher,chris-boucher,25,0:45,44.6,3.5,0.132,0.107,0.343,0,0,6,0,0,0,0,0,1,0.0,0,1,0.0,0,0,0,0.0,0,0,0
0022400739,1610612760,Oklahoma City,Thunder,OKC,thunder,1629026,Kenrich,Williams,K. Williams,kenrich-williams,,,34,1641711,Gradey,Dick,G. Dick,gradey-dick,1,1:14,73.9,5.9,0.114,0.178,0.348,0,0,3,1,0,1,0,0,1,0.0,0,0,0.0,0,0,0,0.0,0,0,0
0022400739,1610612760,Oklahoma City,Thunder,OKC,thunder,1629026,Kenrich,Williams,K. Williams,kenrich-williams,,,34,1642367,Jonathan,Mogbo,J. Mogbo,jonathan-mogbo,2,0:29,28.8,2.1,0.044,0.069,0.162,0,0,2,0,0,0,0,0,0,0.0,0,0,0.0,0,0,0,0.0,0,0,0
0022400739,1610612760,Oklahoma City,Thunder,OKC,thunder,1629026,Kenrich,Williams,K. Williams,kenrich-williams,,,34,1630193,Immanuel,Quickley,I. Quickley,immanuel-quickley,5,0:06,5.8,0.5,0.009,0.014,0.048,0,0,2,0,0,0,0,0,0,0.0,0,0,0.0,0,0,0,0.0,0,0,0
0022400739,1610612760,Oklahoma City,Thunder,OKC,thunder,1629026,Kenrich,Williams,K. Williams,kenrich-williams,,,34,1631115,Orlando,Robinson,O. Robinson,orlando-robinson,21,0:32,31.7,1.4,0.081,0.076,0.142,0,0,3,0,0,0,0,0,1,0.0,0,1,0.0,0,0,0,0.0,0,0,0
0022400739,1610612760,Oklahoma City,Thunder,OKC,thunder,1629026,Kenrich,Williams,K. Williams,kenrich-williams,,,34,1642347,Jamal,Shead,J. Shead,jamal-shead,23,0:11,10.7,0.8,0.019,0.026,0.036,0,0,0,0,0,0,0,0,0,0.0,0,0,0.0,0,0,0,0.0,0,0,0
0022400739,1610612760,Oklahoma City,Thunder,OKC,thunder,1629026,Kenrich,Williams,K. Williams,kenrich-williams,,,34,1642266,Ja'Kobe,Walter,J. Walter,jakobe-walter,14,0:43,42.8,4.2,0.083,0.103,0.134,0,0,4,1,0,0,0,0,0,0.0,0,0,0.0,0,0,0,0.0,0,0,0
0022400739,1610612760,Oklahoma City,Thunder,OKC,thunder,1642505,Alex,Ducas,A. Ducas,alex-ducas,,,88,1642419,Jamison,Battle,J. Battle,jamison-battle,77,0:27,27.1,2.1,0.074,0.234,0.234,0,0,0,0,0,0,0,0,0,0.0,0,0,0.0,0,0,0,0.0,0,0,0
0022400739,1610612760,Oklahoma City,Thunder,OKC,thunder,1642505,Alex,Ducas,A. Ducas,alex-ducas,,,88,1641711,Gradey,Dick,G. Dick,gradey-dick,1,0:29,28.7,2.3,0.044,0.247,0.247,0,0,4,0,0,0,0,0,0,0.0,0,0,0.0,0,0,0,0.0,0,0,0
0022400739,1610612760,Oklahoma City,Thunder,OKC,thunder,1642505,Alex,Ducas,A. Ducas,alex-ducas,,,88,1642367,Jonathan,Mogbo,J. Mogbo,jonathan-mogbo,2,0:04,4.2,0.4,0.006,0.036,0.036,0,0,0,0,0,0,0,0,0,0.0,0,0,0.0,0,0,0,0.0,0,0,0
0022400739,1610612760,Oklahoma City,Thunder,OKC,thunder,1642505,Alex,Ducas,A. Ducas,alex-ducas,,,88,1642347,Jamal,Shead,J. Shead,jamal-shead,23,0:26,26.0,2.1,0.046,0.224,0.224,0,0,3,0,0,1,0,0,0,0.0,0,0,0.0,0,0,0,0.0,0,0,0
0022400739,1610612760,Oklahoma City,Thunder,OKC,thunder,1642505,Alex,Ducas,A. Ducas,alex-ducas,,,88,1642266,Ja'Kobe,Walter,J. Walter,jakobe-walter,14,0:26,26.4,1.9,0.051,0.227,0.227,0,0,2,0,0,0,0,0,0,0.0,0,0,0.0,0,0,0,0.0,0,0,0
0022400739,1610612760,Oklahoma City,Thunder,OKC,thunder,1642382,Branden,Carlson,B. Carlson,branden-carlson,,,15,1642419,Jamison,Battle,J. Battle,jamison-battle,77,0:09,9.5,0.8,0.026,0.18,0.18,0,0,0,0,0,0,0,0,0,0.0,0,0,0.0,0,0,0,0.0,0,0,0
0022400739,1610612760,Oklahoma City,Thunder,OKC,thunder,1642382,Branden,Carlson,B. Carlson,branden-carlson,,,15,1641711,Gradey,Dick,G. Dick,gradey-dick,1,0:13,13.2,0.8,0.02,0.251,0.251,0,2,2,0,0,0,0,1,1,1.0,0,0,0.0,0,0,0,0.0,0,0,0
0022400739,1610612760,Oklahoma City,Thunder,OKC,thunder,1642382,Branden,Carlson,B. Carlson,branden-carlson,,,15,1642367,Jonathan,Mogbo,J. Mogbo,jonathan-mogbo,2,0:23,23.2,1.7,0.035,0.44,0.44,0,0,0,0,0,0,0,0,0,0.0,0,0,0.0,0,0,0,0.0,0,0,0
0022400739,1610612760,Oklahoma City,Thunder,OKC,thunder,1642382,Branden,Carlson,B. Carlson,branden-carlson,,,15,1642347,Jamal,Shead,J. Shead,jamal-shead,23,0:02,1.6,0.1,0.003,0.03,0.03,0,0,0,0,0,0,0,0,0,0.0,0,0,0.0,0,0,0,0.0,0,0,0
0022400739,1610612760,Oklahoma City,Thunder,OKC,thunder,1642382,Branden,Carlson,B. Carlson,branden-carlson,,,15,1642266,Ja'Kobe,Walter,J. Walter,jakobe-walter,14,0:10,9.5,0.8,0.018,0.18,0.18,0,0,1,0,0,0,0,0,0,0.0,0,0,0.0,0,0,0,0.0,0,0,0
0022400739,1610612760,Oklahoma City,Thunder,OKC,thunder,1641745,Adam,Flagler,A. Flagler,adam-flagler,,,14,1642367,Jonathan,Mogbo,J. Mogbo,jonathan-mogbo,2,0:06,5.8,0.5,0.009,0.11,0.11,0,0,1,0,0,0,0,0,0,0.0,0,0,0.0,0,0,0,0.0,0,0,0
0022400739,1610612760,Oklahoma City,Thunder,OKC,thunder,1641745,Adam,Flagler,A. Flagler,adam-flagler,,,14,1642347,Jamal,Shead,J. Shead,jamal-shead,23,0:24,24.0,1.6,0.042,0.454,0.454,0,0,0,0,0,0,0,0,0,0.0,0,0,0.0,0,0,0,0.0,0,0,0
0022400739,1610612760,Oklahoma City,Thunder,OKC,thunder,1641745,Adam,Flagler,A. Flagler,adam-flagler,,,14,1642266,Ja'Kobe,Walter,J. Walter,jakobe-walter,14,0:23,22.6,1.9,0.044,0.428,0.428,0,0,2,0,0,0,0,0,0,0.0,0,0,0.0,0,0,0,0.0,0,0,0
0022400739,1610612761,Toronto,Raptors,TOR,raptors,1630534,Ochai,Agbaji,O. Agbaji,ochai-agbaji,F,,30,1627936,Alex,Caruso,A. Caruso,alex-caruso,9,0:19,18.5,1.1,0.037,0.026,0.091,0,0,0,0,0,0,1,0,1,0.0,0,0,0.0,0,0,0,0.0,0,0,0
0022400739,1610612761,Toronto,Raptors,TOR,raptors,1630534,Ochai,Agbaji,O. Agbaji,ochai-agbaji,F,,30,1628983,Shai,Gilgeous-Alexander,S. Gilgeous-Alexander,shai-gilgeous-alexander,2,3:10,189.8,15.6,0.27,0.269,0.336,0,2,12,0,0,0,0,1,6,0.167,0,4,0.0,0,0,0,0.0,0,0,0
0022400739,1610612761,Toronto,Raptors,TOR,raptors,1630534,Ochai,Agbaji,O. Agbaji,ochai-agbaji,F,,30,1628392,Isaiah,Hartenstein,I. Hartenstein,isaiah-hartenstein,55,0:20,20.0,1.2,0.031,0.028,0.046,0,0,0,0,0,0,0,0,1,0.0,0,0,0.0,0,0,0,0.0,0,0,0
0022400739,1610612761,Toronto,Raptors,TOR,raptors,1630534,Ochai,Agbaji,O. Agbaji,ochai-agbaji,F,,30,1631096,Chet,Holmgren,C. Holmgren,chet-holmgren,7,3:48,228.3,18.3,0.443,0.323,0.456,0,6,18,1,0,0,0,2,3,0.667,1,2,0.5,0,0,0,0.0,1,2,1
0022400739,1610612761,Toronto,Raptors,TOR,raptors,1630534,Ochai,Agbaji,O. Agbaji,ochai-agbaji,F,,30,1630198,Isaiah,Joe,I. Joe,isaiah-joe,11,0:01,1.4,0.2,0.002,0.002,0.005,0,0,0,0,0,0,0,0,0,0.0,0,0,0.0,0,0,0,0.0,0,0,0
0022400739,1610612761,Toronto,Raptors,TOR,raptors,1630534,Ochai,Agbaji,O. Agbaji,ochai-agbaji,F,,30,1641794,Dillon,Jones,D. Jones,dillon-jones,3,0:20,19.7,1.7,0.093,0.028,0.493,0,0,3,0,0,0,0,0,0,0.0,0,0,0.0,0,0,0,0.0,0,0,0
0022400739,1610612761,Toronto,Raptors,TOR,raptors,1630534,Ochai,Agbaji,O. Agbaji,ochai-agbaji,F,,30,1630598,Aaron,Wiggins,A. Wiggins,aaron-wiggins,21,0:56,56.1,4.6,0.07,0.079,0.097,0,0,5,0,0,0,0,0,0,0.0,0,0,0.0,0,0,0,0.0,0,0,0
0022400739,1610612761,Toronto,Raptors,TOR,raptors,1630534,Ochai,Agbaji,O. Agbaji,ochai-agbaji,F,,30,1631114,Jalen,Williams,J. Williams,jalen-williams,8,1:55,115.0,10.5,0.139,0.163,0.189,0,0,9,0,0,0,0,0,0,0.0,0,0,0.0,0,0,0,0.0,0,0,0
0022400739,1610612761,Toronto,Raptors,TOR,raptors,1630534,Ochai,Agbaji,O. Agbaji,ochai-agbaji,F,,30,1631119,Jaylin,Williams,J. Williams,jaylin-williams,6,0:10,10.4,0.9,0.026,0.015,0.049,0,0,5,1,0,0,0,0,0,0.0,0,0,0.0,0,0,0,0.0,0,0,0
0022400739,1610612761,Toronto,Raptors,TOR,raptors,1630534,Ochai,Agbaji,O. Agbaji,ochai-agbaji,F,,30,1629026,Kenrich,Williams,K. Williams,kenrich-williams,34,0:35,35.3,2.4,0.094,0.05,0.276,0,0,9,0,0,0,0,0,1,0.0,0,1,0.0,0,0,0,0.0,0,0,0
0022400739,1610612761,Toronto,Raptors,TOR,raptors,1630567,Scottie,Barnes,S. Barnes,scottie-barnes,F,,4,1627936,Alex,Caruso,A. Caruso,alex-caruso,9,2:12,132.4,8.8,0.267,0.157,0.323,0,3,8,0,0,0,0,1,2,0.5,1,1,1.0,0,0,0,0.0,0,0,0
0022400739,1610612761,Toronto,Raptors,TOR,raptors,1630567,Scottie,Barnes,S. Barnes,scottie-barnes,F,,4,1628983,Shai,Gilgeous-Alexander,S. Gilgeous-Alexander,shai-gilgeous-alexander,2,1:19,79.5,6.4,0.113,0.094,0.143,0,2,11,1,0,1,0,1,4,0.25,0,0,0.0,0,0,0,0.0,0,0,0
0022400739,1610612761,Toronto,Raptors,TOR,raptors,1630567,Scottie,Barnes,S. Barnes,scottie-barnes,F,,4,1628392,Isaiah,Hartenstein,I. Hartenstein,isaiah-hartenstein,55,1:03,63.0,6.6,0.098,0.075,0.104,0,2,7,1,0,1,0,1,3,0.333,0,1,0.0,0,0,0,0.0,0,0,0
0022400739,1610612761,Toronto,Raptors,TOR,raptors,1630567,Scottie,Barnes,S. Barnes,scottie-barnes,F,,4,1631096,Chet,Holmgren,C. Holmgren,chet-holmgren,7,0:53,53.0,6.2,0.103,0.063,0.126,0,6,14,0,0,0,0,2,2,1.0,1,1,1.0,0,0,0,0.0,1,2,1
0022400739,1610612761,Toronto,Raptors,TOR,raptors,1630567,Scottie,Barnes,S. Barnes,scottie-barnes,F,,4,1630198,Isaiah,Joe,I. Joe,isaiah-joe,11,0:19,19.2,1.5,0.031,0.023,0.046,0,2,2,0,0,1,0,1,2,0.5,0,0,0.0,0,0,0,0.0,0,0,0
0022400739,1610612761,Toronto,Raptors,TOR,raptors,1630567,Scottie,Barnes,S. Barnes,scottie-barnes,F,,4,1641794,Dillon,Jones,D. Jones,dillon-jones,3,0:18,18.0,1.9,0.085,0.021,0.211,0,0,2,1,0,0,0,0,0,0.0,0,0,0.0,0,0,0,0.0,0,0,0
0022400739,1610612761,Toronto,Raptors,TOR,raptors,1630567,Scottie,Barnes,S. Barnes,scottie-barnes,F,,4,1630598,Aaron,Wiggins,A. Wiggins,aaron-wiggins,21,0:42,42.2,4.2,0.053,0.05,0.065,0,7,7,0,0,3,0,3,4,0.75,1,1,1.0,0,0,0,0.0,0,0,0
0022400739,1610612761,Toronto,Raptors,TOR,raptors,1630567,Scottie,Barnes,S. Barnes,scottie-barnes,F,,4,1631114,Jalen,Williams,J. Williams,jalen-williams,8,6:05,365.4,24.7,0.44,0.433,0.541,0,4,22,2,0,1,0,2,6,0.333,0,1,0.0,0,0,0,0.0,0,0,0
0022400739,1610612761,Toronto,Raptors,TOR,raptors,1630567,Scottie,Barnes,S. Barnes,scottie-barnes,F,,4,1631119,Jaylin,Williams,J. Williams,jaylin-williams,6,1:14,73.5,6.2,0.184,0.087,0.325,0,3,3,0,0,0,0,1,1,1.0,1,1,1.0,0,0,0,0.0,0,0,0
0022400739,1610612761,Toronto,Raptors,TOR,raptors,1630567,Scottie,Barnes,S. Barnes,scottie-barnes,F,,4,1629026,Kenrich,Williams,K. Williams,kenrich-williams,34,0:17,17.4,2.1,0.046,0.021,0.103,0,0,3,0,0,0,0,0,0,0.0,0,0,0.0,0,0,0,0.0,0,0,0
0022400739,1610612761,Toronto,Raptors,TOR,raptors,1642367,Jonathan,Mogbo,J. Mogbo,jonathan-mogbo,C,,2,1642382,Branden,Carlson,B. Carlson,branden-carlson,15,0:34,33.5,2.7,0.884,0.052,0.884,0,0,2,0,0,0,0,0,0,0.0,0,0,0.0,0,0,0,0.0,0,0,0
0022400739,1610612761,Toronto,Raptors,TOR,raptors,1642367,Jonathan,Mogbo,J. Mogbo,jonathan-mogbo,C,,2,1627936,Alex,Caruso,A. Caruso,alex-caruso,9,0:36,35.7,2.3,0.072,0.055,0.151,0,0,3,0,0,0,0,0,2,0.0,0,0,0.0,0,0,0,0.0,0,0,0
0022400739,1610612761,Toronto,Raptors,TOR,raptors,1642367,Jonathan,Mogbo,J. Mogbo,jonathan-mogbo,C,,2,1628983,Shai,Gilgeous-Alexander,S. Gilgeous-Alexander,shai-gilgeous-alexander,2,0:10,10.2,1.0,0.015,0.016,0.028,0,0,0,0,0,0,0,0,0,0.0,0,0,0.0,0,0,0,0.0,0,0,0
0022400739,1610612761,Toronto,Raptors,TOR,raptors,1642367,Jonathan,Mogbo,J. Mogbo,jonathan-mogbo,C,,2,1628392,Isaiah,Hartenstein,I. Hartenstein,isaiah-hartenstein,55,5:18,317.9,23.5,0.497,0.493,0.697,0,5,30,1,0,0,0,2,3,0.667,1,1,1.0,0,0,0,0.0,0,0,0
0022400739,1610612761,Toronto,Raptors,TOR,raptors,1642367,Jonathan,Mogbo,J. Mogbo,jonathan-mogbo,C,,2,1631096,Chet,Holmgren,C. Holmgren,chet-holmgren,7,1:46,105.6,7.9,0.205,0.164,0.286,0,0,5,1,0,0,1,0,2,0.0,0,0,0.0,0,0,0,0.0,0,0,0
0022400739,1610612761,Toronto,Raptors,TOR,raptors,1642367,Jonathan,Mogbo,J. Mogbo,jonathan-mogbo,C,,2,1630198,Isaiah,Joe,I. Joe,isaiah-joe,11,0:10,9.9,1.9,0.016,0.015,0.049,0,0,1,0,0,0,0,0,0,0.0,0,0,0.0,0,0,0,0.0,0,0,0
0022400739,1610612761,Toronto,Raptors,TOR,raptors,1642367,Jonathan,Mogbo,J. Mogbo,jonathan-mogbo,C,,2,1641794,Dillon,Jones,D. Jones,dillon-jones,3,0:01,1.4,0.2,0.007,0.002,0.017,0,0,3,0,0,0,0,0,0,0.0,0,0,0.0,0,0,0,0.0,0,0,0
0022400739,1610612761,Toronto,Raptors,TOR,raptors,1642367,Jonathan,Mogbo,J. Mogbo,jonathan-mogbo,C,,2,1630598,Aaron,Wiggins,A. Wiggins,aaron-wiggins,21,0:47,47.2,6.1,0.059,0.073,0.08,0,0,2,0,0,0,0,0,1,0.0,0,0,0.0,0,0,0,0.0,0,0,0
0022400739,1610612761,Toronto,Raptors,TOR,raptors,1642367,Jonathan,Mogbo,J. Mogbo,jonathan-mogbo,C,,2,1631114,Jalen,Williams,J. Williams,jalen-williams,8,0:19,19.1,2.0,0.023,0.03,0.036,0,0,3,0,0,0,0,0,0,0.0,0,0,0.0,0,0,0,0.0,0,0,0
0022400739,1610612761,Toronto,Raptors,TOR,raptors,1642367,Jonathan,Mogbo,J. Mogbo,jonathan-mogbo,C,,2,1631119,Jaylin,Williams,J. Williams,jaylin-williams,6,0:48,48.3,5.0,0.121,0.075,0.623,0,0,7,0,0,0,0,0,0,0.0,0,0,0.0,0,0,0,0.0,0,0,0
0022400739,1610612761,Toronto,Raptors,TOR,raptors,1642367,Jonathan,Mogbo,J. Mogbo,jonathan-mogbo,C,,2,1629026,Kenrich,Williams,K. Williams,kenrich-williams,34,0:03,3.5,0.7,0.009,0.005,0.022,0,2,2,0,0,0,0,1,1,1.0,0,0,0.0,0,0,0,0.0,0,0,0
0022400739,1610612761,Toronto,Raptors,TOR,raptors,1641711,Gradey,Dick,G. Dick,gradey-dick,G,,1,1642505,Alex,Ducas,A. Ducas,alex-ducas,88,0:10,9.9,1.4,0.115,0.015,0.115,0,2,5,0,0,0,0,1,1,1.0,0,0,0.0,0,0,0,0.0,0,0,0
0022400739,1610612761,Toronto,Raptors,TOR,raptors,1641711,Gradey,Dick,G. Dick,gradey-dick,G,,1,1628983,Shai,Gilgeous-Alexander,S. Gilgeous-Alexander,shai-gilgeous-alexander,2,3:11,190.7,14.0,0.271,0.288,0.423,0,4,17,0,0,0,0,1,1,1.0,0,0,0.0,0,0,0,0.0,2,2,1
0022400739,1610612761,Toronto,Raptors,TOR,raptors,1641711,Gradey,Dick,G. Dick,gradey-dick,G,,1,1628392,Isaiah,Hartenstein,I. Hartenstein,isaiah-hartenstein,55,0:30,30.0,2.8,0.047,0.045,0.072,0,0,0,0,0,0,0,0,1,0.0,0,0,0.0,0,0,0,0.0,0,0,0
0022400739,1610612761,Toronto,Raptors,TOR,raptors,1641711,Gradey,Dick,G. Dick,gradey-dick,G,,1,1631096,Chet,Holmgren,C. Holmgren,chet-holmgren,7,0:51,50.8,4.5,0.099,0.077,0.112,0,2,4,0,0,0,1,0,2,0.0,0,0,0.0,0,0,0,0.0,2,2,1
0022400739,1610612761,Toronto,Raptors,TOR,raptors,1641711,Gradey,Dick,G. Dick,gradey-dick,G,,1,1630198,Isaiah,Joe,I. Joe,isaiah-joe,11,0:55,54.8,5.0,0.088,0.083,0.341,0,0,0,0,0,1,0,0,0,0.0,0,0,0.0,0,0,0,0.0,0,0,0
0022400739,1610612761,Toronto,Raptors,TOR,raptors,1641711,Gradey,Dick,G. Dick,gradey-dick,G,,1,1641794,Dillon,Jones,D. Jones,dillon-jones,3,0:48,48.1,5.8,0.228,0.073,0.561,0,5,11,1,0,0,0,2,2,1.0,1,1,1.0,0,0,0,0.0,0,0,0
0022400739,1610612761,Toronto,Raptors,TOR,raptors,1641711,Gradey,Dick,G. Dick,gradey-dick,G,,1,1630598,Aaron,Wiggins,A. Wiggins,aaron-wiggins,21,1:50,110.4,8.5,0.138,0.167,0.185,0,0,6,0,0,0,0,0,0,0.0,0,0,0.0,0,0,0,0.0,0,0,0
0022400739,1610612761,Toronto,Raptors,TOR,raptors,1641711,Gradey,Dick,G. Dick,gradey-dick,G,,1,1631114,Jalen,Williams,J. Williams,jalen-williams,8,2:21,141.5,10.3,0.17,0.214,0.246,0,5,21,0,0,0,0,2,3,0.667,1,2,0.5,0,0,0,0.0,0,0,0
0022400739,1610612761,Toronto,Raptors,TOR,raptors,1641711,Gradey,Dick,G. Dick,gradey-dick,G,,1,1631119,Jaylin,Williams,J. Williams,jaylin-williams,6,0:05,5.2,0.2,0.013,0.008,0.035,0,0,0,0,0,0,0,0,0,0.0,0,0,0.0,0,0,0,0.0,0,0,0
0022400739,1610612761,Toronto,Raptors,TOR,raptors,1641711,Gradey,Dick,G. Dick,gradey-dick,G,,1,1629026,Kenrich,Williams,K. Williams,kenrich-williams,34,0:35,34.6,3.5,0.092,0.052,0.205,0,0,4,0,0,0,0,0,0,0.0,0,0,0.0,0,0,0,0.0,0,0,0
0022400739,1610612761,Toronto,Raptors,TOR,raptors,1630193,Immanuel,Quickley,I. Quickley,immanuel-quickley,G,,5,1627936,Alex,Caruso,A. Caruso,alex-caruso,9,2:55,175.0,13.2,0.353,0.258,0.435,0,1,15,1,0,1,0,0,0,0.0,0,0,0.0,0,0,0,0.0,1,2,1
0022400739,1610612761,Toronto,Raptors,TOR,raptors,1630193,Immanuel,Quickley,I. Quickley,immanuel-quickley,G,,5,1628983,Shai,Gilgeous-Alexander,S. Gilgeous-Alexander,shai-gilgeous-alexander,2,1:30,90.4,6.0,0.129,0.133,0.179,0,2,5,1,0,1,0,1,1,1.0,0,0,0.0,0,0,0,0.0,0,0,0
0022400739,1610612761,Toronto,Raptors,TOR,raptors,1630193,Immanuel,Quickley,I. Quickley,immanuel-quickley,G,,5,1628392,Isaiah,Hartenstein,I. Hartenstein,isaiah-hartenstein,55,0:47,46.5,4.4,0.073,0.069,0.091,0,0,5,0,0,1,0,0,1,0.0,0,0,0.0,0,0,0,0.0,0,0,0
0022400739,1610612761,Toronto,Raptors,TOR,raptors,1630193,Immanuel,Quickley,I. Quickley,immanuel-quickley,G,,5,1631096,Chet,Holmgren,C. Holmgren,chet-holmgren,7,0:21,20.7,1.9,0.04,0.03,0.072,0,0,3,1,0,0,0,0,1,0.0,0,1,0.0,0,0,0,0.0,0,0,0
0022400739,1610612761,Toronto,Raptors,TOR,raptors,1630193,Immanuel,Quickley,I. Quickley,immanuel-quickley,G,,5,1630198,Isaiah,Joe,I. Joe,isaiah-joe,11,0:25,25.3,2.4,0.041,0.037,0.081,0,0,2,0,0,0,0,0,1,0.0,0,0,0.0,0,0,0,0.0,0,0,0
0022400739,1610612761,Toronto,Raptors,TOR,raptors,1630193,Immanuel,Quickley,I. Quickley,immanuel-quickley,G,,5,1641794,Dillon,Jones,D. Jones,dillon-jones,3,0:10,9.8,0.7,0.047,0.015,0.115,0,0,0,0,0,0,0,0,0,0.0,0,0,0.0,0,0,0,0.0,0,0,0
0022400739,1610612761,Toronto,Raptors,TOR,raptors,1630193,Immanuel,Quickley,I. Quickley,immanuel-quickley,G,,5,1630598,Aaron,Wiggins,A. Wiggins,aaron-wiggins,21,3:19,199.4,13.3,0.248,0.294,0.402,0,3,23,6,0,0,0,1,2,0.5,1,2,0.5,0,0,0,0.0,0,0,0
0022400739,1610612761,Toronto,Raptors,TOR,raptors,1630193,Immanuel,Quickley,I. Quickley,immanuel-quickley,G,,5,1631114,Jalen,Williams,J. Williams,jalen-williams,8,1:18,78.4,8.4,0.095,0.116,0.154,0,0,7,1,0,1,0,0,0,0.0,0,0,0.0,0,0,0,0.0,0,0,0
0022400739,1610612761,Toronto,Raptors,TOR,raptors,1630193,Immanuel,Quickley,I. Quickley,immanuel-quickley,G,,5,1631119,Jaylin,Williams,J. Williams,jaylin-williams,6,0:13,13.0,1.0,0.033,0.019,0.077,0,0,2,0,0,0,0,0,0,0.0,0,0,0.0,0,0,0,0.0,0,0,0
0022400739,1610612761,Toronto,Raptors,TOR,raptors,1630193,Immanuel,Quickley,I. Quickley,immanuel-quickley,G,,5,1629026,Kenrich,Williams,K. Williams,kenrich-williams,34,0:09,9.0,0.9,0.024,0.013,0.078,0,0,0,0,0,0,0,0,0,0.0,0,0,0.0,0,0,0,0.0,0,0,0
0022400739,1610612761,Toronto,Raptors,TOR,raptors,1642347,Jamal,Shead,J. Shead,jamal-shead,,,23,1642382,Branden,Carlson,B. Carlson,branden-carlson,15,0:01,1.4,0.2,0.038,0.003,0.038,0,0,3,1,0,0,0,0,0,0.0,0,0,0.0,0,0,0,0.0,0,0,0
0022400739,1610612761,Toronto,Raptors,TOR,raptors,1642347,Jamal,Shead,J. Shead,jamal-shead,,,23,1627936,Alex,Caruso,A. Caruso,alex-caruso,9,0:35,34.5,4.0,0.07,0.069,0.281,0,0,0,0,0,0,0,0,2,0.0,0,1,0.0,0,0,0,0.0,0,0,0
0022400739,1610612761,Toronto,Raptors,TOR,raptors,1642347,Jamal,Shead,J. Shead,jamal-shead,,,23,1642505,Alex,Ducas,A. Ducas,alex-ducas,88,0:05,4.7,1.2,0.055,0.009,0.055,0,2,4,0,0,0,0,1,1,1.0,0,0,0.0,0,0,0,0.0,0,0,0
0022400739,1610612761,Toronto,Raptors,TOR,raptors,1642347,Jamal,Shead,J. Shead,jamal-shead,,,23,1628983,Shai,Gilgeous-Alexander,S. Gilgeous-Alexander,shai-gilgeous-alexander,2,0:20,20.4,2.1,0.029,0.041,0.09,0,3,5,0,0,0,0,1,1,1.0,1,1,1.0,0,0,0,0.0,0,0,0
0022400739,1610612761,Toronto,Raptors,TOR,raptors,1642347,Jamal,Shead,J. Shead,jamal-shead,,,23,1628392,Isaiah,Hartenstein,I. Hartenstein,isaiah-hartenstein,55,0:03,3.0,0.2,0.005,0.006,0.023,0,0,0,0,0,0,0,0,0,0.0,0,0,0.0,0,0,0,0.0,0,0,0
0022400739,1610612761,Toronto,Raptors,TOR,raptors,1642347,Jamal,Shead,J. Shead,jamal-shead,,,23,1631096,Chet,Holmgren,C. Holmgren,chet-holmgren,7,0:20,20.5,1.2,0.04,0.041,0.079,0,0,0,0,0,0,0,0,1,0.0,0,0,0.0,0,0,0,0.0,0,0,0
0022400739,1610612761,Toronto,Raptors,TOR,raptors,1642347,Jamal,Shead,J. Shead,jamal-shead,,,23,1630198,Isaiah,Joe,I. Joe,isaiah-joe,11,2:31,150.9,11.1,0.243,0.3,0.486,0,2,15,2,0,0,0,1,4,0.25,0,1,0.0,0,0,0,0.0,0,0,0
0022400739,1610612761,Toronto,Raptors,TOR,raptors,1642347,Jamal,Shead,J. Shead,jamal-shead,,,23,1641794,Dillon,Jones,D. Jones,dillon-jones,3,0:18,18.3,1.6,0.087,0.036,0.146,0,0,6,0,0,0,0,0,0,0.0,0,0,0.0,0,0,0,0.0,0,0,0
0022400739,1610612761,Toronto,Raptors,TOR,raptors,1642347,Jamal,Shead,J. Shead,jamal-shead,,,23,1630598,Aaron,Wiggins,A. Wiggins,aaron-wiggins,21,2:40,159.9,14.1,0.199,0.318,0.476,0,2,17,1,0,0,0,1,1,1.0,0,0,0.0,0,0,0,0.0,0,0,0
0022400739,1610612761,Toronto,Raptors,TOR,raptors,1642347,Jamal,Shead,J. Shead,jamal-shead,,,23,1631114,Jalen,Williams,J. Williams,jalen-williams,8,0:15,15.0,1.8,0.018,0.03,0.047,0,0,0,0,0,0,0,0,1,0.0,0,0,0.0,0,0,0,0.0,0,0,0
0022400739,1610612761,Toronto,Raptors,TOR,raptors,1642347,Jamal,Shead,J. Shead,jamal-shead,,,23,1631119,Jaylin,Williams,J. Williams,jaylin-williams,6,0:23,23.4,2.6,0.059,0.047,0.09,0,0,0,0,0,0,0,0,1,0.0,0,0,0.0,0,0,0,0.0,0,0,0
0022400739,1610612761,Toronto,Raptors,TOR,raptors,1642347,Jamal,Shead,J. Shead,jamal-shead,,,23,1629026,Kenrich,Williams,K. Williams,kenrich-williams,34,0:44,43.8,3.8,0.116,0.087,0.168,0,0,7,2,0,0,0,0,1,0.0,0,0,0.0,0,0,0,0.0,0,0,0
0022400739,1610612761,Toronto,Raptors,TOR,raptors,1628449,Chris,Boucher,C. Boucher,chris-boucher,,,25,1627936,Alex,Caruso,A. Caruso,alex-caruso,9,0:53,52.9,4.1,0.107,0.134,0.167,0,3,6,0,0,0,0,1,1,1.0,1,1,1.0,0,0,0,0.0,0,0,0
0022400739,1610612761,Toronto,Raptors,TOR,raptors,1628449,Chris,Boucher,C. Boucher,chris-boucher,,,25,1628983,Shai,Gilgeous-Alexander,S. Gilgeous-Alexander,shai-gilgeous-alexander,2,0:44,44.0,3.6,0.063,0.112,0.155,0,0,2,0,0,0,0,0,0,0.0,0,0,0.0,0,0,0,0.0,0,0,0
0022400739,1610612761,Toronto,Raptors,TOR,raptors,1628449,Chris,Boucher,C. Boucher,chris-boucher,,,25,1628392,Isaiah,Hartenstein,I. Hartenstein,isaiah-hartenstein,55,0:14,13.5,1.5,0.021,0.034,0.104,0,0,0,0,0,0,0,0,0,0.0,0,0,0.0,0,0,0,0.0,0,0,0
0022400739,1610612761,Toronto,Raptors,TOR,raptors,1628449,Chris,Boucher,C. Boucher,chris-boucher,,,25,1631096,Chet,Holmgren,C. Holmgren,chet-holmgren,7,0:12,11.6,0.7,0.023,0.03,0.59,0,0,0,0,0,0,0,0,0,0.0,0,0,0.0,0,0,0,0.0,0,0,0
0022400739,1610612761,Toronto,Raptors,TOR,raptors,1628449,Chris,Boucher,C. Boucher,chris-boucher,,,25,1630198,Isaiah,Joe,I. Joe,isaiah-joe,11,1:12,72.0,5.7,0.116,0.183,0.192,0,5,10,0,0,0,0,2,4,0.5,1,3,0.333,0,0,0,0.0,0,0,0
0022400739,1610612761,Toronto,Raptors,TOR,raptors,1628449,Chris,Boucher,C. Boucher,chris-boucher,,,25,1641794,Dillon,Jones,D. Jones,dillon-jones,3,0:10,10.5,1.4,0.05,0.027,0.084,0,0,0,0,0,0,0,0,0,0.0,0,0,0.0,0,0,0,0.0,0,0,0
0022400739,1610612761,Toronto,Raptors,TOR,raptors,1628449,Chris,Boucher,C. Boucher,chris-boucher,,,25,1630598,Aaron,Wiggins,A. Wiggins,aaron-wiggins,21,1:12,71.6,4.8,0.089,0.182,0.47,0,5,8,0,0,0,1,2,3,0.667,1,1,1.0,0,0,0,0.0,0,0,0
0022400739,1610612761,Toronto,Raptors,TOR,raptors,1628449,Chris,Boucher,C. Boucher,chris-boucher,,,25,1631114,Jalen,Williams,J. Williams,jalen-williams,8,0:32,32.5,1.7,0.039,0.082,0.173,0,0,0,0,0,0,0,0,2,0.0,0,2,0.0,0,0,0,0.0,0,0,0
0022400739,1610612761,Toronto,Raptors,TOR,raptors,1628449,Chris,Boucher,C. Boucher,chris-boucher,,,25,1631119,Jaylin,Williams,J. Williams,jaylin-williams,6,0:24,24.5,2.3,0.061,0.062,0.093,0,0,2,0,0,0,0,0,0,0.0,0,0,0.0,0,0,0,0.0,0,0,0
0022400739,1610612761,Toronto,Raptors,TOR,raptors,1628449,Chris,Boucher,C. Boucher,chris-boucher,,,25,1629026,Kenrich,Williams,K. Williams,kenrich-williams,34,0:48,48.2,3.5,0.128,0.122,0.414,0,0,4,0,0,0,0,0,0,0.0,0,0,0.0,0,0,0,0.0,0,0,0
0022400739,1610612761,Toronto,Raptors,TOR,raptors,1631115,Orlando,Robinson,O. Robinson,orlando-robinson,,,21,1627936,Alex,Caruso,A. Caruso,alex-caruso,9,0:14,14.1,1.4,0.029,0.032,0.057,0,0,2,1,0,0,0,0,0,0.0,0,0,0.0,0,0,0,0.0,0,0,0
0022400739,1610612761,Toronto,Raptors,TOR,raptors,1631115,Orlando,Robinson,O. Robinson,orlando-robinson,,,21,1628983,Shai,Gilgeous-Alexander,S. Gilgeous-Alexander,shai-gilgeous-alexander,2,0:26,25.8,1.6,0.037,0.059,0.075,0,0,0,0,0,0,0,0,0,0.0,0,0,0.0,0,0,0,0.0,0,0,0
0022400739,1610612761,Toronto,Raptors,TOR,raptors,1631115,Orlando,Robinson,O. Robinson,orlando-robinson,,,21,1628392,Isaiah,Hartenstein,I. Hartenstein,isaiah-hartenstein,55,2:08,128.0,9.7,0.2,0.291,0.727,0,2,11,0,0,0,0,1,1,1.0,0,0,0.0,0,0,0,0.0,0,0,0
0022400739,1610612761,Toronto,Raptors,TOR,raptors,1631115,Orlando,Robinson,O. Robinson,orlando-robinson,,,21,1631096,Chet,Holmgren,C. Holmgren,chet-holmgren,7,0:07,6.8,0.4,0.013,0.016,0.085,0,0,0,0,0,0,0,0,0,0.0,0,0,0.0,0,0,0,0.0,0,0,0
0022400739,1610612761,Toronto,Raptors,TOR,raptors,1631115,Orlando,Robinson,O. Robinson,orlando-robinson,,,21,1630198,Isaiah,Joe,I. Joe,isaiah-joe,11,0:35,34.8,2.3,0.056,0.079,0.097,0,0,0,0,0,0,0,0,2,0.0,0,0,0.0,0,0,0,0.0,0,0,0
0022400739,1610612761,Toronto,Raptors,TOR,raptors,1631115,Orlando,Robinson,O. Robinson,orlando-robinson,,,21,1641794,Dillon,Jones,D. Jones,dillon-jones,3,0:15,15.1,0.9,0.071,0.034,0.12,0,2,5,0,0,0,0,1,1,1.0,0,0,0.0,0,0,0,0.0,0,0,0
0022400739,1610612761,Toronto,Raptors,TOR,raptors,1631115,Orlando,Robinson,O. Robinson,orlando-robinson,,,21,1630598,Aaron,Wiggins,A. Wiggins,aaron-wiggins,21,0:14,13.9,0.7,0.017,0.032,0.09,0,0,2,0,0,0,0,0,1,0.0,0,0,0.0,0,0,0,0.0,0,0,0
0022400739,1610612761,Toronto,Raptors,TOR,raptors,1631115,Orlando,Robinson,O. Robinson,orlando-robinson,,,21,1631114,Jalen,Williams,J. Williams,jalen-williams,8,0:23,23.4,2.3,0.028,0.053,0.1,0,0,2,0,0,0,0,0,0,0.0,0,0,0.0,0,0,0,0.0,0,0,0
0022400739,1610612761,Toronto,Raptors,TOR,raptors,1631115,Orlando,Robinson,O. Robinson,orlando-robinson,,,21,1631119,Jaylin,Williams,J. Williams,jaylin-williams,6,3:10,190.3,13.8,0.476,0.432,0.72,0,4,19,2,0,0,0,1,3,0.333,0,1,0.0,0,0,0,0.0,2,2,1
0022400739,1610612761,Toronto,Raptors,TOR,raptors,1631115,Orlando,Robinson,O. Robinson,orlando-robinson,,,21,1629026,Kenrich,Williams,K. Williams,kenrich-williams,34,0:32,32.3,2.6,0.086,0.073,0.152,0,0,0,1,0,0,0,0,0,0.0,0,0,0.0,0,0,0,0.0,0,0,0
0022400739,1610612761,Toronto,Raptors,TOR,raptors,1642266,Ja'Kobe,Walter,J. Walter,jakobe-walter,,,14,1627936,Alex,Caruso,A. Caruso,alex-caruso,9,0:27,27.3,3.1,0.055,0.05,0.072,0,0,5,0,0,0,0,0,0,0.0,0,0,0.0,0,0,0,0.0,0,0,0
0022400739,1610612761,Toronto,Raptors,TOR,raptors,1642266,Ja'Kobe,Walter,J. Walter,jakobe-walter,,,14,1642505,Alex,Ducas,A. Ducas,alex-ducas,88,0:11,11.2,1.2,0.131,0.021,0.131,0,0,0,1,0,0,0,0,0,0.0,0,0,0.0,0,0,0,0.0,0,0,0
0022400739,1610612761,Toronto,Raptors,TOR,raptors,1642266,Ja'Kobe,Walter,J. Walter,jakobe-walter,,,14,1641745,Adam,Flagler,A. Flagler,adam-flagler,14,0:38,37.9,3.0,1.0,0.069,1.0,0,2,8,0,0,0,0,1,1,1.0,0,0,0.0,0,0,0,0.0,0,0,0
0022400739,1610612761,Toronto,Raptors,TOR,raptors,1642266,Ja'Kobe,Walter,J. Walter,jakobe-walter,,,14,1628983,Shai,Gilgeous-Alexander,S. Gilgeous-Alexander,shai-gilgeous-alexander,2,0:52,52.0,3.7,0.074,0.095,0.234,0,3,11,0,0,0,0,1,2,0.5,1,2,0.5,0,0,0,0.0,0,0,0
0022400739,1610612761,Toronto,Raptors,TOR,raptors,1642266,Ja'Kobe,Walter,J. Walter,jakobe-walter,,,14,1628392,Isaiah,Hartenstein,I. Hartenstein,isaiah-hartenstein,55,0:05,5.3,0.4,0.008,0.01,0.024,0,0,0,0,0,0,0,0,0,0.0,0,0,0.0,0,0,0,0.0,0,0,0
0022400739,1610612761,Toronto,Raptors,TOR,raptors,1642266,Ja'Kobe,Walter,J. Walter,jakobe-walter,,,14,1631096,Chet,Holmgren,C. Holmgren,chet-holmgren,7,0:11,10.6,1.5,0.021,0.019,0.331,0,0,0,0,0,0,1,0,1,0.0,0,0,0.0,0,0,0,0.0,0,0,0
0022400739,1610612761,Toronto,Raptors,TOR,raptors,1642266,Ja'Kobe,Walter,J. Walter,jakobe-walter,,,14,1630198,Isaiah,Joe,I. Joe,isaiah-joe,11,3:11,191.0,14.8,0.307,0.349,0.414,0,5,17,0,0,0,0,2,3,0.667,1,2,0.5,0,0,0,0.0,0,0,0
0022400739,1610612761,Toronto,Raptors,TOR,raptors,1642266,Ja'Kobe,Walter,J. Walter,jakobe-walter,,,14,1641794,Dillon,Jones,D. Jones,dillon-jones,3,1:07,67.0,3.4,0.318,0.123,0.318,0,0,1,0,0,0,0,0,0,0.0,0,0,0.0,0,0,0,0.0,0,0,0
0022400739,1610612761,Toronto,Raptors,TOR,raptors,1642266,Ja'Kobe,Walter,J. Walter,jakobe-walter,,,14,1630598,Aaron,Wiggins,A. Wiggins,aaron-wiggins,21,1:11,71.2,6.3,0.089,0.13,0.317,0,2,4,0,0,0,0,1,2,0.5,0,1,0.0,0,0,0,0.0,0,0,0
0022400739,1610612761,Toronto,Raptors,TOR,raptors,1642266,Ja'Kobe,Walter,J. Walter,jakobe-walter,,,14,1631114,Jalen,Williams,J. Williams,jalen-williams,8,0:06,6.0,1.1,0.007,0.011,0.024,0,0,0,0,0,0,0,0,0,0.0,0,0,0.0,0,0,0,0.0,0,0,0
0022400739,1610612761,Toronto,Raptors,TOR,raptors,1642266,Ja'Kobe,Walter,J. Walter,jakobe-walter,,,14,1631119,Jaylin,Williams,J. Williams,jaylin-williams,6,0:07,7.4,0.5,0.019,0.014,0.027,0,0,0,0,0,0,0,0,0,0.0,0,0,0.0,0,0,0,0.0,0,0,0
0022400739,1610612761,Toronto,Raptors,TOR,raptors,1642266,Ja'Kobe,Walter,J. Walter,jakobe-walter,,,14,1629026,Kenrich,Williams,K. Williams,kenrich-williams,34,0:53,52.8,5.8,0.14,0.097,0.18,0,0,9,0,0,0,0,0,0,0.0,0,0,0.0,0,0,0,0.0,0,0,0
0022400739,1610612761,Toronto,Raptors,TOR,raptors,1642419,Jamison,Battle,J. Battle,jamison-battle,,,77,1642382,Branden,Carlson,B. Carlson,branden-carlson,15,0:03,3.0,0.2,0.078,0.009,0.078,0,3,3,0,0,0,0,1,1,1.0,1,1,1.0,0,0,0,0.0,0,0,0
0022400739,1610612761,Toronto,Raptors,TOR,raptors,1642419,Jamison,Battle,J. Battle,jamison-battle,,,77,1627936,Alex,Caruso,A. Caruso,alex-caruso,9,0:05,4.7,1.0,0.01,0.014,0.068,0,0,0,0,0,0,0,0,0,0.0,0,0,0.0,0,0,0,0.0,0,0,0
0022400739,1610612761,Toronto,Raptors,TOR,raptors,1642419,Jamison,Battle,J. Battle,jamison-battle,,,77,1642505,Alex,Ducas,A. Ducas,alex-ducas,88,1:00,59.9,5.2,0.699,0.177,0.699,0,3,7,0,0,0,0,1,1,1.0,1,1,1.0,0,0,0,0.0,0,0,0
0022400739,1610612761,Toronto,Raptors,TOR,raptors,1642419,Jamison,Battle,J. Battle,jamison-battle,,,77,1628392,Isaiah,Hartenstein,I. Hartenstein,isaiah-hartenstein,55,0:13,13.2,0.8,0.021,0.039,0.108,0,0,0,0,0,0,0,0,0,0.0,0,0,0.0,0,0,0,0.0,0,0,0
0022400739,1610612761,Toronto,Raptors,TOR,raptors,1642419,Jamison,Battle,J. Battle,jamison-battle,,,77,1631096,Chet,Holmgren,C. Holmgren,chet-holmgren,7,0:07,7.3,0.7,0.014,0.022,0.047,0,0,3,0,0,0,0,0,0,0.0,0,0,0.0,0,0,0,0.0,0,0,0
0022400739,1610612761,Toronto,Raptors,TOR,raptors,1642419,Jamison,Battle,J. Battle,jamison-battle,,,77,1630198,Isaiah,Joe,I. Joe,isaiah-joe,11,1:02,62.3,5.3,0.1,0.184,0.252,0,0,4,0,0,0,0,0,0,0.0,0,0,0.0,0,0,0,0.0,0,0,0
0022400739,1610612761,Toronto,Raptors,TOR,raptors,1642419,Jamison,Battle,J. Battle,jamison-battle,,,77,1641794,Dillon,Jones,D. Jones,dillon-jones,3,0:03,3.1,0.4,0.015,0.009,0.036,0,0,0,0,0,0,0,0,0,0.0,0,0,0.0,0,0,0,0.0,0,0,0
0022400739,1610612761,Toronto,Raptors,TOR,raptors,1642419,Jamison,Battle,J. Battle,jamison-battle,,,77,1630598,Aaron,Wiggins,A. Wiggins,aaron-wiggins,21,0:31,30.7,3.5,0.038,0.091,0.133,0,0,0,0,0,0,0,0,0,0.0,0,0,0.0,0,0,0,0.0,0,0,0
0022400739,1610612761,Toronto,Raptors,TOR,raptors,1642419,Jamison,Battle,J. Battle,jamison-battle,,,77,1631114,Jalen,Williams,J. Williams,jalen-williams,8,0:34,33.8,3.1,0.041,0.1,0.133,0,3,4,0,0,0,0,1,1,1.0,1,1,1.0,0,0,0,0.0,0,0,0
0022400739,1610612761,Toronto,Raptors,TOR,raptors,1642419,Jamison,Battle,J. Battle,jamison-battle,,,77,1631119,Jaylin,Williams,J. Williams,jaylin-williams,6,0:04,3.7,1.1,0.009,0.011,0.035,0,0,2,0,0,0,0,0,0,0.0,0,0,0.0,0,0,0,0.0,0,0,0
0022400739,1610612761,Toronto,Raptors,TOR,raptors,1642419,Jamison,Battle,J. Battle,jamison-battle,,,77,1629026,Kenrich,Williams,K. Williams,kenrich-williams,34,1:40,100.4,8.2,0.266,0.297,0.385,0,2,7,1,0,0,0,1,2,0.5,0,1,0.0,0,0,0,0.0,0,0,0
