gameId,actionNumber,clock,period,teamId,teamTricode,personId,playerName,playerNameI,xLegacy,yLegacy,shotDistance,shotResult,isFieldGoal,scoreHome,scoreAway,pointsTotal,location,description,actionType,subType,videoAvailable,shotValue,actionId
0021900962,2,PT12M00.00S,1,0,,0,,,0,0,0,,0,0,0,0,,Start of 1st Period (8:11 PM EST),period,start,0,0,1
0021900962,4,PT12M00.00S,1,1610612741,CHI,1628976,Carter Jr.,W. Carter Jr.,0,0,0,,0,,,0,h,Jump Ball Carter Jr. vs. Drummond: Tip to Sexton,Jump Ball,,1,0,2
0021900962,7,PT11M48.00S,1,1610612741,CHI,1627885,Harrison,S. Harrison,0,0,0,,0,,,0,h,Harrison S.FOUL (P1.T1) (T.Washington),Foul,Shooting,1,0,3
0021900962,9,PT11M48.00S,1,1610612739,CLE,201567,Love,K. Love,0,0,0,,0,0,1,1,v,Love Free Throw 1 of 3 (1 PTS),Free Throw,Free Throw 1 of 3,1,0,4
0021900962,10,PT11M48.00S,1,1610612739,CLE,201567,Love,K. Love,0,0,0,,0,0,2,2,v,Love Free Throw 2 of 3 (2 PTS),Free Throw,Free Throw 2 of 3,1,0,5
0021900962,11,PT11M48.00S,1,1610612739,CLE,201567,Love,K. Love,0,0,0,,0,0,3,3,v,Love Free Throw 3 of 3 (3 PTS),Free Throw,Free Throw 3 of 3,1,0,6
0021900962,12,PT11M27.00S,1,1610612741,CHI,1628374,Markkanen,L. Markkanen,-3,57,6,Missed,1,,,0,h,MISS Markkanen 6' Driving Hook Shot,Missed Shot,Driving Hook Shot,1,2,7
0021900962,12,PT11M27.00S,1,1610612739,CLE,203083,Drummond,A. Drummond,0,0,0,,0,,,0,v,Drummond BLOCK (1 BLK),,,1,2,8
0021900962,14,PT11M25.00S,1,1610612739,CLE,201567,Love,K. Love,0,0,0,,0,,,0,v,Love REBOUND (Off:0 Def:1),Rebound,Unknown,1,0,9
0021900962,15,PT11M17.00S,1,1610612739,CLE,201567,Love,K. Love,120,225,26,Missed,1,,,0,v,MISS Love 26' 3PT Jump Shot,Missed Shot,Jump Shot,1,3,10
0021900962,16,PT11M15.00S,1,1610612741,CHI,1628976,Carter Jr.,W. Carter Jr.,0,0,0,,0,,,0,h,Carter Jr. REBOUND (Off:0 Def:1),Rebound,Unknown,1,0,11
0021900962,17,PT11M06.00S,1,1610612741,CHI,1628374,Markkanen,L. Markkanen,-29,251,25,Missed,1,,,0,h,MISS Markkanen 25' 3PT Jump Shot,Missed Shot,Jump Shot,1,3,12
0021900962,18,PT11M04.00S,1,1610612739,CLE,201567,Love,K. Love,0,0,0,,0,,,0,v,Love REBOUND (Off:0 Def:2),Rebound,Unknown,1,0,13
0021900962,19,PT11M01.00S,1,1610612739,CLE,201567,Love,K. Love,0,0,0,,0,,,0,v,Love Bad Pass Turnover (P1.T1),Turnover,Bad Pass,1,0,14
0021900962,19,PT11M01.00S,1,1610612741,CHI,1628374,Markkanen,L. Markkanen,0,0,0,,0,,,0,h,Markkanen STEAL (1 STL),,,1,0,15
0021900962,21,PT10M53.00S,1,1610612741,CHI,1627885,Harrison,S. Harrison,6,57,6,Made,1,2,3,5,h,Harrison 6' Driving Floating Jump Shot (2 PTS),Made Shot,Driving Floating Jump Shot,1,2,16
0021900962,22,PT10M36.00S,1,1610612739,CLE,1626224,Osman,C. Osman,-12,12,2,Made,1,2,5,7,v,Osman 2' Driving Finger Roll Layup (2 PTS) (Drummond 1 AST),Made Shot,Driving Finger Roll Layup Shot,1,2,17
0021900962,24,PT10M13.00S,1,1610612741,CHI,1627756,Valentine,D. Valentine,-21,3,2,Made,1,4,5,9,h,Valentine 2' Driving Layup (2 PTS),Made Shot,Driving Layup Shot,1,2,18
0021900962,25,PT09M54.00S,1,1610612739,CLE,203083,Drummond,A. Drummond,0,0,0,,0,,,0,v,Drummond Lost Ball Turnover (P1.T2),Turnover,Lost Ball,1,0,19
0021900962,25,PT09M54.00S,1,1610612741,CHI,1627885,Harrison,S. Harrison,0,0,0,,0,,,0,h,Harrison STEAL (1 STL),,,1,0,20
0021900962,27,PT09M46.00S,1,1610612741,CHI,1628976,Carter Jr.,W. Carter Jr.,-5,8,1,Missed,1,,,0,h,MISS Carter Jr. 1' Driving Layup,Missed Shot,Driving Layup Shot,1,2,21
0021900962,28,PT09M46.00S,1,0,,1610612741,,,0,0,0,,0,,,0,h,BULLS Rebound,Rebound,Unknown,0,0,22
0021900962,30,PT09M43.00S,1,1610612741,CHI,1628976,Carter Jr.,W. Carter Jr.,0,0,0,,0,,,0,h,Carter Jr. Bad Pass Turnover (P1.T1),Turnover,Bad Pass,1,0,23
0021900962,30,PT09M43.00S,1,1610612739,CLE,201567,Love,K. Love,0,0,0,,0,,,0,v,Love STEAL (1 STL),,,1,0,24
0021900962,32,PT09M37.00S,1,1610612739,CLE,1629012,Sexton,C. Sexton,0,12,1,Made,1,4,7,11,v,Sexton 1' Driving Layup (2 PTS) (Love 1 AST),Made Shot,Driving Layup Shot,1,2,25
0021900962,34,PT09M23.00S,1,1610612741,CHI,1629632,White,C. White,-230,46,0,Missed,1,,,0,h,MISS White 3PT Jump Shot,Missed Shot,Jump Shot,1,3,26
0021900962,35,PT09M21.00S,1,1610612741,CHI,1627885,Harrison,S. Harrison,0,0,0,,0,,,0,h,Harrison REBOUND (Off:1 Def:0),Rebound,Unknown,1,0,27
0021900962,36,PT09M19.00S,1,1610612741,CHI,1628374,Markkanen,L. Markkanen,123,241,27,Missed,1,,,0,h,MISS Markkanen 27' 3PT Jump Shot,Missed Shot,Jump Shot,1,3,28
0021900962,37,PT09M17.00S,1,1610612739,CLE,203083,Drummond,A. Drummond,0,0,0,,0,,,0,v,Drummond REBOUND (Off:0 Def:1),Rebound,Unknown,1,0,29
0021900962,38,PT09M15.00S,1,1610612739,CLE,203083,Drummond,A. Drummond,0,0,0,,0,,,0,v,Drummond Out of Bounds - Bad Pass Turnover Turnover (P2.T3),Turnover,Out of Bounds - Bad Pass Turnover,1,0,30
0021900962,39,PT09M06.00S,1,1610612741,CHI,1629632,White,C. White,77,145,16,Made,1,6,7,13,h,White 16' Pullup Jump Shot (2 PTS),Made Shot,Pullup Jump shot,1,2,31
0021900962,40,PT08M50.00S,1,1610612739,CLE,1629012,Sexton,C. Sexton,-11,4,1,Made,1,6,9,15,v,Sexton 1' Cutting Layup Shot (4 PTS) (Dellavedova 1 AST),Made Shot,Cutting Layup Shot,1,2,32
0021900962,42,PT08M44.00S,1,1610612739,CLE,1626224,Osman,C. Osman,0,0,0,,0,,,0,v,Osman P.FOUL (P1.T1) (E.Dalen),Foul,Personal,1,0,33
0021900962,44,PT08M39.00S,1,1610612739,CLE,203083,Drummond,A. Drummond,0,0,0,,0,,,0,v,Drummond P.FOUL (P1.T2) (K.Cutler),Foul,Personal,1,0,34
0021900962,46,PT08M23.00S,1,1610612741,CHI,1629632,White,C. White,234,10,0,Made,1,9,9,18,h,White 3PT Step Back Jump Shot (5 PTS),Made Shot,Step Back Jump shot,1,3,35
0021900962,47,PT08M13.00S,1,1610612741,CHI,1628976,Carter Jr.,W. Carter Jr.,0,0,0,,0,,,0,h,BULLS T.Foul (Def. 3 Sec Carter Jr. ) (K.Cutler),Foul,Defense 3 Second,1,0,36
0021900962,48,PT08M13.00S,1,1610612739,CLE,201567,Love,K. Love,0,0,0,,0,9,10,19,v,Love Free Throw Technical (4 PTS),Free Throw,Free Throw Technical,1,0,37
0021900962,49,PT08M03.00S,1,1610612739,CLE,1626224,Osman,C. Osman,-147,205,25,Missed,1,,,0,v,MISS Osman 25' 3PT Step Back Jump Shot,Missed Shot,Step Back Jump shot,1,3,38
0021900962,50,PT07M59.00S,1,1610612741,CHI,1629632,White,C. White,0,0,0,,0,,,0,h,White REBOUND (Off:0 Def:1),Rebound,Unknown,1,0,39
0021900962,51,PT07M53.00S,1,1610612741,CHI,1628976,Carter Jr.,W. Carter Jr.,2,17,2,Made,1,11,10,21,h,Carter Jr. 2' Layup (2 PTS) (White 1 AST),Made Shot,Layup Shot,1,2,40
0021900962,53,PT07M37.00S,1,1610612739,CLE,201567,Love,K. Love,0,0,0,,0,,,0,v,Love Bad Pass Turnover (P2.T4),Turnover,Bad Pass,1,0,41
0021900962,53,PT07M37.00S,1,1610612741,CHI,1628976,Carter Jr.,W. Carter Jr.,0,0,0,,0,,,0,h,Carter Jr. STEAL (1 STL),,,1,0,42
0021900962,55,PT07M34.00S,1,1610612741,CHI,1629632,White,C. White,147,208,25,Missed,1,,,0,h,MISS White 25' 3PT Jump Shot,Missed Shot,Jump Shot,1,3,43
0021900962,56,PT07M31.00S,1,1610612741,CHI,1628374,Markkanen,L. Markkanen,0,0,0,,0,,,0,h,Markkanen REBOUND (Off:1 Def:0),Rebound,Unknown,1,0,44
0021900962,57,PT07M31.00S,1,1610612741,CHI,1628374,Markkanen,L. Markkanen,0,-6,1,Made,1,13,10,23,h,Markkanen 1' Putback Dunk (2 PTS),Made Shot,Putback Dunk Shot,1,2,45
0021900962,58,PT07M31.00S,1,0,,1610612739,,,0,0,0,,0,,,0,v,Cavaliers Timeout: Regular (Reg.1 Short 0),Timeout,Regular,0,0,46
0021900962,59,PT07M11.00S,1,1610612741,CHI,1628976,Carter Jr.,W. Carter Jr.,0,0,0,,0,,,0,h,Carter Jr. P.FOUL (P1.T2) (K.Cutler),Foul,Personal,1,0,47
0021900962,61,PT07M05.00S,1,1610612741,CHI,1628976,Carter Jr.,W. Carter Jr.,0,0,0,,0,,,0,h,Carter Jr. S.FOUL (P2.T3) (T.Washington),Foul,Shooting,1,0,48
0021900962,63,PT07M05.00S,1,1610612739,CLE,203083,Drummond,A. Drummond,0,0,0,,0,,,0,v,MISS Drummond Free Throw 1 of 2,Free Throw,Free Throw 1 of 2,1,0,49
0021900962,64,PT07M05.00S,1,0,,1610612739,,,0,0,0,,0,,,0,v,Cavaliers Rebound,Rebound,Normal Rebound,0,0,50
0021900962,65,PT07M05.00S,1,1610612741,CHI,1628976,Carter Jr.,W. Carter Jr.,0,0,0,,0,,,0,h,SUB: Gafford FOR Carter Jr.,Substitution,,0,0,51
0021900962,66,PT07M05.00S,1,1610612739,CLE,203521,Dellavedova,M. Dellavedova,0,0,0,,0,,,0,v,SUB: Nance Jr. FOR Dellavedova,Substitution,,0,0,52
0021900962,69,PT07M05.00S,1,1610612739,CLE,203083,Drummond,A. Drummond,0,0,0,,0,13,11,24,v,Drummond Free Throw 2 of 2 (1 PTS),Free Throw,Free Throw 2 of 2,1,0,53
0021900962,70,PT06M51.00S,1,1610612741,CHI,1627756,Valentine,D. Valentine,-32,256,26,Made,1,16,11,27,h,Valentine 26' 3PT Jump Shot (5 PTS) (Gafford 1 AST),Made Shot,Jump Shot,1,3,54
0021900962,72,PT06M37.00S,1,1610612739,CLE,201567,Love,K. Love,-160,196,25,Missed,1,,,0,v,MISS Love 25' 3PT Jump Shot,Missed Shot,Jump Shot,1,3,55
0021900962,73,PT06M35.00S,1,1610612739,CLE,1626204,Nance Jr.,L. Nance Jr.,0,0,0,,0,,,0,v,Nance Jr. REBOUND (Off:1 Def:0),Rebound,Unknown,1,0,56
0021900962,74,PT06M30.00S,1,1610612739,CLE,1629012,Sexton,C. Sexton,-9,0,1,Made,1,16,13,29,v,Sexton 1' Cutting Layup Shot (6 PTS) (Nance Jr. 1 AST),Made Shot,Cutting Layup Shot,1,2,57
0021900962,76,PT06M21.00S,1,1610612741,CHI,1629632,White,C. White,0,0,0,,0,,,0,h,White Lost Ball Turnover (P1.T2),Turnover,Lost Ball,1,0,58
0021900962,76,PT06M21.00S,1,1610612739,CLE,1629012,Sexton,C. Sexton,0,0,0,,0,,,0,v,Sexton STEAL (1 STL),,,1,0,59
0021900962,78,PT06M17.00S,1,1610612739,CLE,201567,Love,K. Love,6,4,1,Made,1,16,15,31,v,Love 1' Cutting Layup Shot (6 PTS) (Sexton 1 AST),Made Shot,Cutting Layup Shot,1,2,60
0021900962,80,PT06M17.00S,1,1610612741,CHI,1628374,Markkanen,L. Markkanen,0,0,0,,0,,,0,h,Markkanen S.FOUL (P1.T4) (E.Dalen),Foul,Shooting,1,0,61
0021900962,82,PT06M17.00S,1,1610612741,CHI,1627885,Harrison,S. Harrison,0,0,0,,0,,,0,h,SUB: Porter Jr. FOR Harrison,Substitution,,0,0,62
0021900962,83,PT06M17.00S,1,1610612741,CHI,1627756,Valentine,D. Valentine,0,0,0,,0,,,0,h,SUB: Satoransky FOR Valentine,Substitution,,0,0,63
0021900962,86,PT06M17.00S,1,1610612739,CLE,201567,Love,K. Love,0,0,0,,0,16,16,32,v,Love Free Throw 1 of 1 (7 PTS),Free Throw,Free Throw 1 of 1,1,0,64
0021900962,87,PT05M58.00S,1,1610612741,CHI,1628374,Markkanen,L. Markkanen,-6,26,3,Made,1,18,16,34,h,Markkanen 3' Driving Layup (4 PTS),Made Shot,Driving Layup Shot,1,2,65
0021900962,88,PT05M40.00S,1,1610612739,CLE,203083,Drummond,A. Drummond,14,12,2,Made,1,18,18,36,v,Drummond 2' Layup (3 PTS) (Nance Jr. 2 AST),Made Shot,Layup Shot,1,2,66
0021900962,90,PT05M22.00S,1,1610612741,CHI,203490,Porter Jr.,O. Porter Jr.,0,0,0,,0,,,0,h,Porter Jr. Bad Pass Turnover (P1.T3),Turnover,Bad Pass,1,0,67
0021900962,90,PT05M22.00S,1,1610612739,CLE,203083,Drummond,A. Drummond,0,0,0,,0,,,0,v,Drummond STEAL (1 STL),,,1,0,68
0021900962,92,PT05M10.00S,1,1610612739,CLE,1626204,Nance Jr.,L. Nance Jr.,-9,0,1,Made,1,18,20,38,v,Nance Jr. 1' Cutting Dunk Shot (2 PTS) (Love 2 AST),Made Shot,Cutting Dunk Shot,1,2,69
0021900962,94,PT04M54.00S,1,1610612741,CHI,203490,Porter Jr.,O. Porter Jr.,-64,243,25,Made,1,21,20,41,h,Porter Jr. 25' 3PT Jump Shot (3 PTS) (White 2 AST),Made Shot,Jump Shot,1,3,70
0021900962,96,PT04M39.00S,1,1610612739,CLE,1626224,Osman,C. Osman,130,217,25,Missed,1,,,0,v,MISS Osman 25' 3PT Jump Shot,Missed Shot,Jump Shot,1,3,71
0021900962,97,PT04M34.00S,1,1610612739,CLE,1626224,Osman,C. Osman,0,0,0,,0,,,0,v,Osman REBOUND (Off:1 Def:0),Rebound,Unknown,1,0,72
0021900962,98,PT04M34.00S,1,1610612739,CLE,1626224,Osman,C. Osman,9,-1,1,Made,1,21,22,43,v,Osman 1' Driving Layup (4 PTS),Made Shot,Driving Layup Shot,1,2,73
0021900962,99,PT04M34.00S,1,1610612741,CHI,203490,Porter Jr.,O. Porter Jr.,0,0,0,,0,,,0,h,Porter Jr. S.FOUL (P1.PN) (T.Washington),Foul,Shooting,1,0,74
0021900962,101,PT04M34.00S,1,1610612741,CHI,1628374,Markkanen,L. Markkanen,0,0,0,,0,,,0,h,SUB: Young FOR Markkanen,Substitution,,0,0,75
0021900962,102,PT04M34.00S,1,1610612739,CLE,201567,Love,K. Love,0,0,0,,0,,,0,v,SUB: McKinnie FOR Love,Substitution,,0,0,76
0021900962,105,PT04M34.00S,1,1610612739,CLE,1626224,Osman,C. Osman,0,0,0,,0,21,23,44,v,Osman Free Throw 1 of 1 (5 PTS),Free Throw,Free Throw 1 of 1,1,0,77
0021900962,106,PT04M23.00S,1,1610612741,CHI,1629632,White,C. White,74,256,27,Missed,1,,,0,h,MISS White 27' 3PT Jump Shot,Missed Shot,Jump Shot,1,3,78
0021900962,107,PT04M20.00S,1,1610612741,CHI,203107,Satoransky,T. Satoransky,0,0,0,,0,,,0,h,Satoransky REBOUND (Off:1 Def:0),Rebound,Unknown,1,0,79
0021900962,108,PT04M18.00S,1,1610612741,CHI,1629632,White,C. White,0,0,0,,0,,,0,h,White Traveling Turnover (P2.T4),Turnover,Traveling,1,0,80
0021900962,109,PT03M54.00S,1,1610612739,CLE,203083,Drummond,A. Drummond,-13,12,2,Missed,1,,,0,v,MISS Drummond 2' Driving Layup,Missed Shot,Driving Layup Shot,1,2,81
0021900962,109,PT03M54.00S,1,1610612741,CHI,1629655,Gafford,D. Gafford,0,0,0,,0,,,0,h,Gafford BLOCK (1 BLK),,,1,2,82
0021900962,111,PT03M50.00S,1,1610612739,CLE,1626224,Osman,C. Osman,0,0,0,,0,,,0,v,Osman REBOUND (Off:2 Def:0),Rebound,Unknown,1,0,83
0021900962,112,PT03M50.00S,1,1610612739,CLE,1626224,Osman,C. Osman,0,-6,1,Missed,1,,,0,v,MISS Osman 1' Tip Layup Shot,Missed Shot,Tip Layup Shot,1,2,84
0021900962,113,PT03M48.00S,1,1610612739,CLE,1626224,Osman,C. Osman,0,0,0,,0,,,0,v,Osman REBOUND (Off:3 Def:0),Rebound,Unknown,1,0,85
0021900962,114,PT03M48.00S,1,1610612739,CLE,1626224,Osman,C. Osman,0,-6,1,Missed,1,,,0,v,MISS Osman 1' Tip Layup Shot,Missed Shot,Tip Layup Shot,1,2,86
0021900962,115,PT03M48.00S,1,1610612741,CHI,203490,Porter Jr.,O. Porter Jr.,0,0,0,,0,,,0,h,Porter Jr. REBOUND (Off:0 Def:1),Rebound,Unknown,1,0,87
0021900962,116,PT03M46.00S,1,1610612741,CHI,201152,Young,T. Young,60,89,11,Made,1,23,23,46,h,Young 11' Driving Floating Jump Shot (2 PTS) (Porter Jr. 1 AST),Made Shot,Driving Floating Jump Shot,1,2,88
0021900962,117,PT03M29.00S,1,1610612739,CLE,1626204,Nance Jr.,L. Nance Jr.,-1,5,1,Made,1,23,25,48,v,Nance Jr. 1' Dunk (4 PTS) (Sexton 2 AST),Made Shot,Dunk Shot,1,2,89
0021900962,119,PT03M12.00S,1,1610612741,CHI,203107,Satoransky,T. Satoransky,-16,74,8,Missed,1,,,0,h,MISS Satoransky 8' Driving Floating Jump Shot,Missed Shot,Driving Floating Jump Shot,1,2,90
0021900962,120,PT03M10.00S,1,1610612741,CHI,1629655,Gafford,D. Gafford,0,0,0,,0,,,0,h,Gafford REBOUND (Off:1 Def:0),Rebound,Unknown,1,0,91
0021900962,121,PT03M07.00S,1,1610612741,CHI,1629655,Gafford,D. Gafford,-8,6,1,Made,1,25,25,50,h,Gafford 1' Dunk (2 PTS),Made Shot,Dunk Shot,1,2,92
0021900962,122,PT02M50.00S,1,1610612739,CLE,203083,Drummond,A. Drummond,0,0,0,,0,,,0,v,Drummond OFF.Foul (P2) (K.Cutler),Foul,Offensive,1,0,93
0021900962,124,PT02M50.00S,1,1610612739,CLE,203083,Drummond,A. Drummond,0,0,0,,0,,,0,v,Drummond Offensive Foul Turnover (P3.T5),Turnover,Offensive Foul Turnover,1,0,94
0021900962,125,PT02M50.00S,1,0,,1610612741,,,0,0,0,,0,,,0,h,BULLS Timeout: Regular (Full 1 Short 0),Timeout,Regular,0,0,95
0021900962,127,PT02M50.00S,1,1610612741,CHI,1629632,White,C. White,0,0,0,,0,,,0,h,SUB: Harrison FOR White,Substitution,,0,0,96
0021900962,128,PT02M50.00S,1,1610612739,CLE,1629012,Sexton,C. Sexton,0,0,0,,0,,,0,v,SUB: Love FOR Sexton,Substitution,,0,0,97
0021900962,129,PT02M50.00S,1,1610612739,CLE,203083,Drummond,A. Drummond,0,0,0,,0,,,0,v,SUB: Dellavedova FOR Drummond,Substitution,,0,0,98
0021900962,130,PT02M50.00S,1,1610612739,CLE,1626224,Osman,C. Osman,0,0,0,,0,,,0,v,SUB: Mooney FOR Osman,Substitution,,0,0,99
0021900962,135,PT02M35.00S,1,1610612741,CHI,203490,Porter Jr.,O. Porter Jr.,8,26,3,Missed,1,,,0,h,MISS Porter Jr. 3' Driving Layup,Missed Shot,Driving Layup Shot,1,2,100
0021900962,135,PT02M35.00S,1,1610612739,CLE,1628035,McKinnie,A. McKinnie,0,0,0,,0,,,0,v,McKinnie BLOCK (1 BLK),,,1,2,101
0021900962,137,PT02M32.00S,1,1610612739,CLE,1629760,Mooney,M. Mooney,0,0,0,,0,,,0,v,Mooney REBOUND (Off:0 Def:1),Rebound,Unknown,1,0,102
0021900962,138,PT02M23.00S,1,1610612739,CLE,1628035,McKinnie,A. McKinnie,-18,8,2,Missed,1,,,0,v,MISS McKinnie 2' Driving Layup,Missed Shot,Driving Layup Shot,1,2,103
0021900962,138,PT02M23.00S,1,1610612741,CHI,1629655,Gafford,D. Gafford,0,0,0,,0,,,0,h,Gafford BLOCK (2 BLK),,,1,2,104
0021900962,140,PT02M23.00S,1,0,,1610612739,,,0,0,0,,0,,,0,v,Cavaliers Rebound,Rebound,Unknown,0,0,105
0021900962,142,PT02M16.00S,1,1610612739,CLE,1626204,Nance Jr.,L. Nance Jr.,-88,236,25,Made,1,25,28,53,v,Nance Jr. 25' 3PT Jump Shot (7 PTS) (Love 3 AST),Made Shot,Jump Shot,1,3,106
0021900962,144,PT02M01.00S,1,1610612741,CHI,1627885,Harrison,S. Harrison,109,239,26,Missed,1,,,0,h,MISS Harrison 26' 3PT Jump Shot,Missed Shot,Jump Shot,1,3,107
0021900962,145,PT01M57.00S,1,1610612741,CHI,203490,Porter Jr.,O. Porter Jr.,0,0,0,,0,,,0,h,Porter Jr. REBOUND (Off:1 Def:1),Rebound,Unknown,1,0,108
0021900962,146,PT01M53.00S,1,1610612741,CHI,201152,Young,T. Young,-14,25,3,Missed,1,,,0,h,MISS Young 3' Driving Layup,Missed Shot,Driving Layup Shot,1,2,109
0021900962,146,PT01M53.00S,1,1610612739,CLE,1626204,Nance Jr.,L. Nance Jr.,0,0,0,,0,,,0,v,Nance Jr. BLOCK (1 BLK),,,1,2,110
0021900962,148,PT01M50.00S,1,1610612739,CLE,201567,Love,K. Love,0,0,0,,0,,,0,v,Love REBOUND (Off:0 Def:3),Rebound,Unknown,1,0,111
0021900962,149,PT01M48.00S,1,1610612739,CLE,201567,Love,K. Love,0,0,0,,0,,,0,v,Love Bad Pass Turnover (P3.T6),Turnover,Bad Pass,1,0,112
0021900962,149,PT01M48.00S,1,1610612741,CHI,203490,Porter Jr.,O. Porter Jr.,0,0,0,,0,,,0,h,Porter Jr. STEAL (1 STL),,,1,0,113
0021900962,155,PT01M42.00S,1,1610612741,CHI,201152,Young,T. Young,-8,30,3,Missed,1,,,0,h,MISS Young 3' Driving Layup,Missed Shot,Driving Layup Shot,1,2,114
0021900962,155,PT01M42.00S,1,1610612739,CLE,203521,Dellavedova,M. Dellavedova,0,0,0,,0,,,0,v,Dellavedova BLOCK (1 BLK),,,1,2,115
0021900962,157,PT01M41.00S,1,1610612741,CHI,201152,Young,T. Young,0,0,0,,0,,,0,h,Young REBOUND (Off:1 Def:0),Rebound,Unknown,1,0,116
0021900962,454,PT01M39.00S,1,1610612741,CHI,1629655,Gafford,D. Gafford,0,0,0,,0,,,0,h,Gafford Out of Bounds Lost Ball Turnover (P1.T5),Turnover,Out of Bounds Lost Ball Turnover,1,0,117
0021900962,159,PT01M39.00S,1,1610612741,CHI,1629655,Gafford,D. Gafford,0,0,0,,0,,,0,h,SUB: Carter Jr. FOR Gafford,Substitution,,0,0,118
0021900962,161,PT01M26.00S,1,1610612739,CLE,201567,Love,K. Love,-84,275,29,Missed,1,,,0,v,MISS Love 29' 3PT Jump Shot,Missed Shot,Jump Shot,1,3,119
0021900962,162,PT01M23.00S,1,1610612741,CHI,1628976,Carter Jr.,W. Carter Jr.,0,0,0,,0,,,0,h,Carter Jr. REBOUND (Off:0 Def:2),Rebound,Unknown,1,0,120
0021900962,163,PT01M13.00S,1,1610612741,CHI,203490,Porter Jr.,O. Porter Jr.,-14,17,2,Made,1,27,28,55,h,Porter Jr. 2' Cutting Layup Shot (5 PTS) (Young 1 AST),Made Shot,Cutting Layup Shot,1,2,121
0021900962,165,PT00M57.40S,1,1610612739,CLE,1628035,McKinnie,A. McKinnie,227,-6,0,Missed,1,,,0,v,MISS McKinnie 3PT Jump Shot,Missed Shot,Jump Shot,1,3,122
0021900962,166,PT00M55.30S,1,1610612741,CHI,1627885,Harrison,S. Harrison,0,0,0,,0,,,0,h,Harrison REBOUND (Off:1 Def:1),Rebound,Unknown,1,0,123
0021900962,167,PT00M51.90S,1,1610612739,CLE,1628035,McKinnie,A. McKinnie,0,0,0,,0,,,0,v,McKinnie P.FOUL (P1.T3) (K.Cutler),Foul,Personal,1,0,124
0021900962,169,PT00M39.90S,1,1610612741,CHI,201152,Young,T. Young,0,0,0,,0,,,0,h,Young OFF.Foul (P1) (T.Washington),Foul,Offensive,1,0,125
0021900962,171,PT00M39.90S,1,1610612741,CHI,201152,Young,T. Young,0,0,0,,0,,,0,h,Young Offensive Foul Turnover (P1.T6),Turnover,Offensive Foul Turnover,1,0,126
0021900962,172,PT00M30.00S,1,1610612739,CLE,201567,Love,K. Love,-82,243,26,Missed,1,,,0,v,MISS Love 26' 3PT Jump Shot,Missed Shot,Jump Shot,1,3,127
0021900962,173,PT00M27.70S,1,1610612741,CHI,1628976,Carter Jr.,W. Carter Jr.,0,0,0,,0,,,0,h,Carter Jr. REBOUND (Off:0 Def:3),Rebound,Unknown,1,0,128
0021900962,174,PT00M10.50S,1,1610612741,CHI,203490,Porter Jr.,O. Porter Jr.,60,155,17,Missed,1,,,0,h,MISS Porter Jr. 17' Pullup Jump Shot,Missed Shot,Pullup Jump shot,1,2,129
0021900962,175,PT00M08.80S,1,1610612739,CLE,201567,Love,K. Love,0,0,0,,0,,,0,v,Love REBOUND (Off:0 Def:4),Rebound,Unknown,1,0,130
0021900962,176,PT00M05.60S,1,1610612741,CHI,203490,Porter Jr.,O. Porter Jr.,0,0,0,,0,,,0,h,Porter Jr. P.FOUL (P2.PN) (K.Cutler),Foul,Personal,1,0,131
0021900962,178,PT00M05.60S,1,1610612739,CLE,1626204,Nance Jr.,L. Nance Jr.,0,0,0,,0,27,29,56,v,Nance Jr. Free Throw 1 of 2 (8 PTS),Free Throw,Free Throw 1 of 2,1,0,132
0021900962,179,PT00M05.60S,1,1610612741,CHI,1627885,Harrison,S. Harrison,0,0,0,,0,,,0,h,SUB: White FOR Harrison,Substitution,,0,0,133
0021900962,180,PT00M05.60S,1,1610612739,CLE,201567,Love,K. Love,0,0,0,,0,,,0,v,SUB: Osman FOR Love,Substitution,,0,0,134
0021900962,183,PT00M05.60S,1,1610612739,CLE,1626204,Nance Jr.,L. Nance Jr.,0,0,0,,0,,,0,v,MISS Nance Jr. Free Throw 2 of 2,Free Throw,Free Throw 2 of 2,1,0,135
0021900962,184,PT00M01.00S,1,1610612741,CHI,1628976,Carter Jr.,W. Carter Jr.,0,0,0,,0,,,0,h,Carter Jr. REBOUND (Off:0 Def:4),Rebound,Unknown,1,0,136
0021900962,185,PT00M00.00S,1,0,,0,,,0,0,0,,0,27,29,56,,End of 1st Period (8:37 PM EST),period,end,1,0,137
0021900962,190,PT12M00.00S,2,0,,0,,,0,0,0,,0,27,29,56,,Start of 2nd Period (8:40 PM EST),period,start,0,0,138
0021900962,191,PT11M44.00S,2,1610612741,CHI,1628976,Carter Jr.,W. Carter Jr.,-123,-2,12,Made,1,29,29,58,h,Carter Jr. 12' Jump Shot (4 PTS) (Young 2 AST),Made Shot,Jump Shot,1,2,139
0021900962,193,PT11M18.00S,2,1610612739,CLE,201567,Love,K. Love,8,1,1,Made,1,29,31,60,v,Love 1' Cutting Layup Shot (9 PTS) (Dellavedova 2 AST),Made Shot,Cutting Layup Shot,1,2,140
0021900962,195,PT11M05.00S,2,1610612741,CHI,203107,Satoransky,T. Satoransky,-20,253,25,Missed,1,,,0,h,MISS Satoransky 25' 3PT Jump Shot,Missed Shot,Jump Shot,1,3,141
0021900962,196,PT11M03.00S,2,1610612739,CLE,201567,Love,K. Love,0,0,0,,0,,,0,v,Love REBOUND (Off:0 Def:5),Rebound,Unknown,1,0,142
0021900962,197,PT10M52.00S,2,1610612739,CLE,201567,Love,K. Love,-226,-9,0,Missed,1,,,0,v,MISS Love 3PT Jump Shot,Missed Shot,Jump Shot,1,3,143
0021900962,198,PT10M48.00S,2,1610612741,CHI,201152,Young,T. Young,0,0,0,,0,,,0,h,Young REBOUND (Off:1 Def:1),Rebound,Unknown,1,0,144
0021900962,199,PT10M37.00S,2,1610612741,CHI,1628976,Carter Jr.,W. Carter Jr.,-5,16,2,Made,1,31,31,62,h,Carter Jr. 2' Alley Oop Layup (6 PTS) (Young 3 AST),Made Shot,Alley Oop Layup shot,1,2,145
0021900962,201,PT10M11.00S,2,1610612739,CLE,203521,Dellavedova,M. Dellavedova,13,12,2,Made,1,31,33,64,v,Dellavedova 2' Driving Reverse Layup (2 PTS) (Love 4 AST),Made Shot,Driving Reverse Layup Shot,1,2,146
0021900962,203,PT10M01.00S,2,1610612741,CHI,201152,Young,T. Young,0,0,0,,0,,,0,h,Young Out of Bounds - Bad Pass Turnover Turnover (P2.T7),Turnover,Out of Bounds - Bad Pass Turnover,1,0,147
0021900962,204,PT10M01.00S,2,1610612741,CHI,201152,Young,T. Young,0,0,0,,0,,,0,h,SUB: Markkanen FOR Young,Substitution,,0,0,148
0021900962,206,PT09M40.00S,2,1610612739,CLE,1626204,Nance Jr.,L. Nance Jr.,-8,64,6,Made,1,31,35,66,v,Nance Jr. 6' Step Back Jump Shot (10 PTS),Made Shot,Step Back Jump shot,1,2,149
0021900962,207,PT09M24.00S,2,1610612741,CHI,1628976,Carter Jr.,W. Carter Jr.,6,-2,1,Made,1,33,35,68,h,Carter Jr. 1' Driving Dunk (8 PTS) (Harrison 1 AST),Made Shot,Driving Dunk Shot,1,2,150
0021900962,209,PT09M12.00S,2,1610612741,CHI,1627885,Harrison,S. Harrison,0,0,0,,0,,,0,h,Harrison P.FOUL (P2.T1) (T.Washington),Foul,Personal,1,0,151
0021900962,211,PT09M12.00S,2,1610612741,CHI,1627885,Harrison,S. Harrison,0,0,0,,0,,,0,h,SUB: White FOR Harrison,Substitution,,0,0,152
0021900962,212,PT09M12.00S,2,1610612741,CHI,203490,Porter Jr.,O. Porter Jr.,0,0,0,,0,,,0,h,SUB: Valentine FOR Porter Jr.,Substitution,,0,0,153
0021900962,215,PT09M04.00S,2,1610612739,CLE,1628035,McKinnie,A. McKinnie,-235,5,24,Missed,1,,,0,v,MISS McKinnie 24' 3PT Jump Shot,Missed Shot,Jump Shot,1,3,154
0021900962,216,PT09M01.00S,2,1610612741,CHI,203107,Satoransky,T. Satoransky,0,0,0,,0,,,0,h,Satoransky REBOUND (Off:1 Def:1),Rebound,Unknown,1,0,155
0021900962,217,PT08M49.00S,2,1610612741,CHI,1627756,Valentine,D. Valentine,-41,87,10,Missed,1,,,0,h,MISS Valentine 10' Driving Floating Jump Shot,Missed Shot,Driving Floating Jump Shot,1,2,156
0021900962,218,PT08M47.00S,2,1610612739,CLE,1626204,Nance Jr.,L. Nance Jr.,0,0,0,,0,,,0,v,Nance Jr. REBOUND (Off:1 Def:1),Rebound,Unknown,1,0,157
0021900962,219,PT08M33.00S,2,1610612739,CLE,1628035,McKinnie,A. McKinnie,3,46,5,Missed,1,,,0,v,MISS McKinnie 5' Driving Layup,Missed Shot,Driving Layup Shot,1,2,158
0021900962,220,PT08M31.00S,2,1610612741,CHI,1629632,White,C. White,0,0,0,,0,,,0,h,White REBOUND (Off:0 Def:2),Rebound,Unknown,1,0,159
0021900962,221,PT08M24.00S,2,1610612741,CHI,1628374,Markkanen,L. Markkanen,119,229,26,Missed,1,,,0,h,MISS Markkanen 26' 3PT Jump Shot,Missed Shot,Jump Shot,1,3,160
0021900962,222,PT08M22.00S,2,0,,1610612739,,,0,0,0,,0,,,0,v,Cavaliers Rebound,Rebound,Unknown,0,0,161
0021900962,224,PT08M22.00S,2,1610612741,CHI,1628976,Carter Jr.,W. Carter Jr.,0,0,0,,0,,,0,h,SUB: Gafford FOR Carter Jr.,Substitution,,0,0,162
0021900962,226,PT07M58.00S,2,1610612739,CLE,201567,Love,K. Love,-177,185,26,Missed,1,,,0,v,MISS Love 26' 3PT Jump Shot,Missed Shot,Jump Shot,1,3,163
0021900962,227,PT07M55.00S,2,1610612739,CLE,1628035,McKinnie,A. McKinnie,0,0,0,,0,,,0,v,McKinnie REBOUND (Off:1 Def:0),Rebound,Unknown,1,0,164
0021900962,228,PT07M51.00S,2,1610612739,CLE,1629760,Mooney,M. Mooney,230,-16,0,Missed,1,,,0,v,MISS Mooney 3PT Jump Shot,Missed Shot,Jump Shot,1,3,165
0021900962,229,PT07M48.00S,2,1610612741,CHI,1628374,Markkanen,L. Markkanen,0,0,0,,0,,,0,h,Markkanen REBOUND (Off:1 Def:1),Rebound,Unknown,1,0,166
0021900962,230,PT07M44.00S,2,1610612741,CHI,203107,Satoransky,T. Satoransky,159,206,26,Missed,1,,,0,h,MISS Satoransky 26' 3PT Jump Shot,Missed Shot,Jump Shot,1,3,167
0021900962,231,PT07M41.00S,2,1610612739,CLE,201567,Love,K. Love,0,0,0,,0,,,0,v,Love REBOUND (Off:0 Def:6),Rebound,Unknown,1,0,168
0021900962,232,PT07M36.00S,2,0,,1610612739,,,0,0,0,,0,,,0,v,Cavaliers Timeout: Regular (Reg.2 Short 0),Timeout,Regular,0,0,169
0021900962,233,PT07M36.00S,2,1610612739,CLE,201567,Love,K. Love,0,0,0,,0,,,0,v,SUB: Sexton FOR Love,Substitution,,0,0,170
0021900962,234,PT07M36.00S,2,1610612739,CLE,203521,Dellavedova,M. Dellavedova,0,0,0,,0,,,0,v,SUB: Osman FOR Dellavedova,Substitution,,0,0,171
0021900962,235,PT07M36.00S,2,1610612739,CLE,1629760,Mooney,M. Mooney,0,0,0,,0,,,0,v,SUB: Drummond FOR Mooney,Substitution,,0,0,172
0021900962,239,PT07M27.00S,2,1610612739,CLE,1629012,Sexton,C. Sexton,-96,17,10,Missed,1,,,0,v,MISS Sexton 10' Driving Floating Jump Shot,Missed Shot,Driving Floating Jump Shot,1,2,173
0021900962,240,PT07M25.00S,2,1610612741,CHI,1629655,Gafford,D. Gafford,0,0,0,,0,,,0,h,Gafford REBOUND (Off:1 Def:1),Rebound,Unknown,1,0,174
0021900962,241,PT07M22.00S,2,1610612741,CHI,1629632,White,C. White,-19,9,2,Made,1,35,35,70,h,White 2' Running Layup (7 PTS),Made Shot,Running Layup Shot,1,2,175
0021900962,242,PT07M13.00S,2,1610612739,CLE,1629012,Sexton,C. Sexton,0,0,0,,0,,,0,v,Sexton Out of Bounds - Bad Pass Turnover Turnover (P1.T7),Turnover,Out of Bounds - Bad Pass Turnover,1,0,176
0021900962,243,PT06M58.00S,2,1610612741,CHI,1627756,Valentine,D. Valentine,-10,74,7,Made,1,37,35,72,h,Valentine 7' Driving Floating Jump Shot (7 PTS),Made Shot,Driving Floating Jump Shot,1,2,177
0021900962,244,PT06M47.00S,2,1610612739,CLE,1629012,Sexton,C. Sexton,9,2,1,Made,1,37,37,74,v,Sexton 1' Driving Layup (8 PTS),Made Shot,Driving Layup Shot,1,2,178
0021900962,245,PT06M32.00S,2,1610612741,CHI,1627756,Valentine,D. Valentine,13,124,12,Made,1,39,37,76,h,Valentine 12' Floating Jump Shot (9 PTS),Made Shot,Floating Jump shot,1,2,179
0021900962,246,PT06M11.00S,2,1610612739,CLE,203083,Drummond,A. Drummond,10,20,2,Missed,1,,,0,v,MISS Drummond 2' Driving Layup,Missed Shot,Driving Layup Shot,1,2,180
0021900962,247,PT06M08.00S,2,1610612741,CHI,203107,Satoransky,T. Satoransky,0,0,0,,0,,,0,h,Satoransky REBOUND (Off:1 Def:2),Rebound,Unknown,1,0,181
0021900962,248,PT06M02.00S,2,1610612741,CHI,1627756,Valentine,D. Valentine,0,0,0,,0,,,0,h,Valentine Out of Bounds - Bad Pass Turnover Turnover (P1.T8),Turnover,Out of Bounds - Bad Pass Turnover,1,0,182
0021900962,249,PT06M02.00S,2,1610612741,CHI,203107,Satoransky,T. Satoransky,0,0,0,,0,,,0,h,SUB: Harrison FOR Satoransky,Substitution,,0,0,183
0021900962,251,PT05M40.00S,2,1610612739,CLE,1626224,Osman,C. Osman,-12,7,1,Missed,1,,,0,v,MISS Osman 1' Driving Layup,Missed Shot,Driving Layup Shot,1,2,184
0021900962,252,PT05M38.00S,2,1610612741,CHI,1627885,Harrison,S. Harrison,0,0,0,,0,,,0,h,Harrison REBOUND (Off:1 Def:2),Rebound,Unknown,1,0,185
0021900962,253,PT05M32.00S,2,1610612741,CHI,1629632,White,C. White,179,195,26,Missed,1,,,0,h,MISS White 26' 3PT Jump Shot,Missed Shot,Jump Shot,1,3,186
0021900962,254,PT05M28.00S,2,1610612739,CLE,1626204,Nance Jr.,L. Nance Jr.,0,0,0,,0,,,0,v,Nance Jr. REBOUND (Off:1 Def:2),Rebound,Unknown,1,0,187
0021900962,255,PT05M25.00S,2,1610612739,CLE,1628035,McKinnie,A. McKinnie,0,0,0,,0,,,0,v,McKinnie Offensive Goaltending Turnover (P1.T8),Turnover,Offensive Goaltending,1,0,188
0021900962,256,PT05M25.00S,2,0,,1610612741,,,0,0,0,,0,,,0,h,BULLS Timeout: Regular (Full 2 Short 0),Timeout,Regular,0,0,189
0021900962,257,PT05M25.00S,2,1610612739,CLE,1628035,McKinnie,A. McKinnie,0,0,0,,0,,,0,v,SUB: Dellavedova FOR McKinnie,Substitution,,0,0,190
0021900962,259,PT05M15.00S,2,1610612741,CHI,1629632,White,C. White,-3,-7,1,Made,1,41,37,78,h,White 1' Driving Layup (9 PTS),Made Shot,Driving Layup Shot,1,2,191
0021900962,260,PT04M58.00S,2,1610612741,CHI,1629655,Gafford,D. Gafford,0,0,0,,0,,,0,h,Gafford S.FOUL (P1.T2) (K.Cutler),Foul,Shooting,1,0,192
0021900962,262,PT04M58.00S,2,1610612739,CLE,203083,Drummond,A. Drummond,0,0,0,,0,41,38,79,v,Drummond Free Throw 1 of 2 (4 PTS),Free Throw,Free Throw 1 of 2,1,0,193
0021900962,263,PT04M58.00S,2,1610612739,CLE,203083,Drummond,A. Drummond,0,0,0,,0,41,39,80,v,Drummond Free Throw 2 of 2 (5 PTS),Free Throw,Free Throw 2 of 2,1,0,194
0021900962,265,PT04M49.00S,2,1610612739,CLE,1626204,Nance Jr.,L. Nance Jr.,0,0,0,,0,,,0,v,SUB: Love FOR Nance Jr.,Substitution,,0,0,195
0021900962,267,PT04M34.00S,2,1610612741,CHI,1628374,Markkanen,L. Markkanen,112,243,27,Missed,1,,,0,h,MISS Markkanen 27' 3PT Step Back Jump Shot,Missed Shot,Step Back Jump shot,1,3,196
0021900962,268,PT04M32.00S,2,1610612739,CLE,1626224,Osman,C. Osman,0,0,0,,0,,,0,v,Osman REBOUND (Off:3 Def:1),Rebound,Unknown,1,0,197
0021900962,269,PT04M26.00S,2,1610612739,CLE,1626224,Osman,C. Osman,-11,2,1,Missed,1,,,0,v,MISS Osman 1' Driving Layup,Missed Shot,Driving Layup Shot,1,2,198
0021900962,269,PT04M26.00S,2,1610612741,CHI,1629655,Gafford,D. Gafford,0,0,0,,0,,,0,h,Gafford BLOCK (3 BLK),,,1,2,199
0021900962,271,PT04M23.00S,2,1610612741,CHI,1627885,Harrison,S. Harrison,0,0,0,,0,,,0,h,Harrison REBOUND (Off:1 Def:3),Rebound,Unknown,1,0,200
0021900962,272,PT04M21.00S,2,1610612741,CHI,1627756,Valentine,D. Valentine,-166,178,24,Missed,1,,,0,h,MISS Valentine 24' 3PT Jump Shot,Missed Shot,Jump Shot,1,3,201
0021900962,273,PT04M21.00S,2,1610612741,CHI,1628374,Markkanen,L. Markkanen,0,0,0,,0,,,0,h,Markkanen REBOUND (Off:2 Def:1),Rebound,Unknown,1,0,202
0021900962,274,PT04M17.00S,2,1610612741,CHI,1628374,Markkanen,L. Markkanen,0,-6,1,Made,1,43,39,82,h,Markkanen 1' Tip Layup Shot (6 PTS),Made Shot,Tip Layup Shot,1,2,203
0021900962,275,PT04M01.00S,2,1610612739,CLE,1629012,Sexton,C. Sexton,-18,-1,2,Made,1,43,41,84,v,Sexton 2' Cutting Layup Shot (10 PTS) (Dellavedova 3 AST),Made Shot,Cutting Layup Shot,1,2,204
0021900962,277,PT03M46.00S,2,1610612741,CHI,1628374,Markkanen,L. Markkanen,78,258,27,Made,1,46,41,87,h,Markkanen 27' 3PT Jump Shot (9 PTS) (Harrison 2 AST),Made Shot,Jump Shot,1,3,205
0021900962,279,PT03M34.00S,2,1610612739,CLE,203521,Dellavedova,M. Dellavedova,0,0,0,,0,,,0,v,Dellavedova Out of Bounds - Bad Pass Turnover Turnover (P1.T9),Turnover,Out of Bounds - Bad Pass Turnover,1,0,206
0021900962,280,PT03M34.00S,2,1610612741,CHI,1628374,Markkanen,L. Markkanen,0,0,0,,0,,,0,h,SUB: Young FOR Markkanen,Substitution,,0,0,207
0021900962,282,PT03M19.00S,2,1610612741,CHI,1627756,Valentine,D. Valentine,65,100,12,Missed,1,,,0,h,MISS Valentine 12' Driving Hook Shot,Missed Shot,Driving Hook Shot,1,2,208
0021900962,283,PT03M18.00S,2,1610612739,CLE,203083,Drummond,A. Drummond,0,0,0,,0,,,0,v,Drummond REBOUND (Off:0 Def:2),Rebound,Unknown,1,0,209
0021900962,284,PT03M00.00S,2,1610612739,CLE,1629012,Sexton,C. Sexton,62,127,14,Made,1,46,43,89,v,Sexton 14' Step Back Jump Shot (12 PTS) (Osman 1 AST),Made Shot,Step Back Jump shot,1,2,210
0021900962,286,PT02M39.00S,2,1610612741,CHI,201152,Young,T. Young,114,235,26,Missed,1,,,0,h,MISS Young 26' 3PT Jump Shot,Missed Shot,Jump Shot,1,3,211
0021900962,287,PT02M35.00S,2,1610612739,CLE,1626224,Osman,C. Osman,0,0,0,,0,,,0,v,Osman REBOUND (Off:3 Def:2),Rebound,Unknown,1,0,212
0021900962,288,PT02M27.00S,2,1610612739,CLE,201567,Love,K. Love,118,238,27,Made,1,46,46,92,v,Love 27' 3PT Jump Shot (12 PTS) (Drummond 2 AST),Made Shot,Jump Shot,1,3,213
0021900962,290,PT02M11.00S,2,1610612741,CHI,1629632,White,C. White,12,14,2,Made,1,48,46,94,h,White 2' Driving Layup (11 PTS),Made Shot,Driving Layup Shot,1,2,214
0021900962,291,PT01M56.00S,2,1610612739,CLE,203083,Drummond,A. Drummond,0,0,0,,0,,,0,v,Drummond Lost Ball Turnover (P4.T10),Turnover,Lost Ball,1,0,215
0021900962,291,PT01M56.00S,2,1610612741,CHI,201152,Young,T. Young,0,0,0,,0,,,0,h,Young STEAL (1 STL),,,1,0,216
0021900962,293,PT01M48.00S,2,1610612741,CHI,1629655,Gafford,D. Gafford,24,8,3,Made,1,50,46,96,h,Gafford 3' Cutting Layup Shot (4 PTS) (Valentine 1 AST),Made Shot,Cutting Layup Shot,1,2,217
0021900962,295,PT01M48.00S,2,1610612739,CLE,203083,Drummond,A. Drummond,0,0,0,,0,,,0,v,Drummond S.FOUL (P3.T1) (K.Cutler),Foul,Shooting,1,0,218
0021900962,297,PT01M48.00S,2,1610612741,CHI,1627756,Valentine,D. Valentine,0,0,0,,0,,,0,h,SUB: Porter Jr. FOR Valentine,Substitution,,0,0,219
0021900962,298,PT01M48.00S,2,1610612739,CLE,203083,Drummond,A. Drummond,0,0,0,,0,,,0,v,SUB: Nance Jr. FOR Drummond,Substitution,,0,0,220
0021900962,301,PT01M48.00S,2,1610612739,CLE,203083,Drummond,A. Drummond,0,0,0,,0,,,0,v,Drummond T.FOUL (P3.T1) (K.Cutler),Foul,Technical,1,0,221
0021900962,302,PT01M48.00S,2,1610612741,CHI,1629632,White,C. White,0,0,0,,0,51,46,97,h,White Free Throw Technical (12 PTS),Free Throw,Free Throw Technical,1,0,222
0021900962,303,PT01M48.00S,2,1610612741,CHI,1629655,Gafford,D. Gafford,0,0,0,,0,52,46,98,h,Gafford Free Throw 1 of 1 (5 PTS),Free Throw,Free Throw 1 of 1,1,0,223
0021900962,304,PT01M31.00S,2,1610612739,CLE,1626224,Osman,C. Osman,3,15,2,Missed,1,,,0,v,MISS Osman 2' Driving Layup,Missed Shot,Driving Layup Shot,1,2,224
0021900962,304,PT01M31.00S,2,1610612741,CHI,1627885,Harrison,S. Harrison,0,0,0,,0,,,0,h,Harrison BLOCK (1 BLK),,,1,2,225
0021900962,306,PT01M28.00S,2,1610612741,CHI,1627885,Harrison,S. Harrison,0,0,0,,0,,,0,h,Harrison REBOUND (Off:1 Def:4),Rebound,Unknown,1,0,226
0021900962,307,PT01M17.00S,2,1610612741,CHI,1629632,White,C. White,0,0,0,,0,,,0,h,White Out of Bounds Lost Ball Turnover (P3.T9),Turnover,Out of Bounds Lost Ball Turnover,1,0,227
0021900962,308,PT01M17.00S,2,1610612741,CHI,1629655,Gafford,D. Gafford,0,0,0,,0,,,0,h,SUB: Carter Jr. FOR Gafford,Substitution,,0,0,228
0021900962,310,PT00M58.90S,2,1610612741,CHI,201152,Young,T. Young,0,0,0,,0,,,0,h,Young S.FOUL (P2.T3) (K.Cutler),Foul,Shooting,1,0,229
0021900962,312,PT00M58.90S,2,1610612739,CLE,1629012,Sexton,C. Sexton,0,0,0,,0,52,47,99,v,Sexton Free Throw 1 of 2 (13 PTS),Free Throw,Free Throw 1 of 2,1,0,230
0021900962,313,PT00M58.90S,2,1610612739,CLE,1629012,Sexton,C. Sexton,0,0,0,,0,52,48,100,v,Sexton Free Throw 2 of 2 (14 PTS),Free Throw,Free Throw 2 of 2,1,0,231
0021900962,314,PT00M47.00S,2,1610612741,CHI,1629632,White,C. White,0,0,0,,0,,,0,h,White Bad Pass Turnover (P4.T10),Turnover,Bad Pass,1,0,232
0021900962,314,PT00M47.00S,2,1610612739,CLE,1626204,Nance Jr.,L. Nance Jr.,0,0,0,,0,,,0,v,Nance Jr. STEAL (1 STL),,,1,0,233
0021900962,316,PT00M44.50S,2,1610612739,CLE,1629012,Sexton,C. Sexton,-11,1,1,Made,1,52,50,102,v,Sexton 1' Driving Layup (16 PTS) (Nance Jr. 3 AST),Made Shot,Driving Layup Shot,1,2,234
0021900962,318,PT00M31.60S,2,1610612741,CHI,1629632,White,C. White,25,113,12,Missed,1,,,0,h,MISS White 12' Driving Floating Jump Shot,Missed Shot,Driving Floating Jump Shot,1,2,235
0021900962,319,PT00M28.70S,2,1610612741,CHI,1627885,Harrison,S. Harrison,0,0,0,,0,,,0,h,Harrison REBOUND (Off:2 Def:4),Rebound,Unknown,1,0,236
0021900962,320,PT00M20.70S,2,1610612739,CLE,201567,Love,K. Love,0,0,0,,0,,,0,v,Love P.FOUL (P1.PN) (K.Cutler),Foul,Personal,1,0,237
0021900962,322,PT00M20.70S,2,1610612741,CHI,1629632,White,C. White,0,0,0,,0,53,50,103,h,White Free Throw 1 of 2 (13 PTS),Free Throw,Free Throw 1 of 2,1,0,238
0021900962,323,PT00M20.70S,2,1610612741,CHI,1628976,Carter Jr.,W. Carter Jr.,0,0,0,,0,,,0,h,SUB: Satoransky FOR Carter Jr.,Substitution,,0,0,239
0021900962,325,PT00M20.70S,2,1610612741,CHI,1629632,White,C. White,0,0,0,,0,54,50,104,h,White Free Throw 2 of 2 (14 PTS),Free Throw,Free Throw 2 of 2,1,0,240
0021900962,326,PT00M01.90S,2,1610612739,CLE,1626204,Nance Jr.,L. Nance Jr.,-1,5,1,Made,1,54,52,106,v,Nance Jr. 1' Driving Reverse Dunk Shot (12 PTS) (Dellavedova 4 AST),Made Shot,Driving Reverse Dunk Shot,1,2,241
0021900962,328,PT00M00.00S,2,0,,0,,,0,0,0,,0,54,52,106,,End of 2nd Period (9:04 PM EST),period,end,1,0,242
0021900962,337,PT12M00.00S,3,0,,0,,,0,0,0,,0,54,52,106,,Start of 3rd Period (9:19 PM EST),period,start,0,0,243
0021900962,338,PT11M33.00S,3,1610612741,CHI,1627885,Harrison,S. Harrison,32,100,10,Missed,1,,,0,h,MISS Harrison 10' Driving Floating Jump Shot,Missed Shot,Driving Floating Jump Shot,1,2,244
0021900962,339,PT11M31.00S,3,1610612739,CLE,203083,Drummond,A. Drummond,0,0,0,,0,,,0,v,Drummond REBOUND (Off:0 Def:3),Rebound,Unknown,1,0,245
0021900962,340,PT11M23.00S,3,1610612739,CLE,1629012,Sexton,C. Sexton,0,0,0,,0,,,0,v,Sexton Bad Pass Turnover (P2.T11),Turnover,Bad Pass,1,0,246
0021900962,340,PT11M23.00S,3,1610612741,CHI,1627756,Valentine,D. Valentine,0,0,0,,0,,,0,h,Valentine STEAL (1 STL),,,1,0,247
0021900962,342,PT11M20.00S,3,1610612741,CHI,1629632,White,C. White,0,0,0,,0,,,0,h,White Step Out of Bounds Turnover (P5.T11),Turnover,Step Out of Bounds Turnover,1,0,248
0021900962,343,PT11M05.00S,3,1610612739,CLE,203083,Drummond,A. Drummond,20,13,2,Made,1,54,54,108,v,Drummond 2' Driving Layup (7 PTS) (Love 5 AST),Made Shot,Driving Layup Shot,1,2,249
0021900962,345,PT10M56.00S,3,1610612741,CHI,1628976,Carter Jr.,W. Carter Jr.,-13,7,1,Made,1,56,54,110,h,Carter Jr. 1' Cutting Layup Shot (10 PTS) (White 3 AST),Made Shot,Cutting Layup Shot,1,2,250
0021900962,347,PT10M44.00S,3,1610612739,CLE,203083,Drummond,A. Drummond,1,9,1,Made,1,56,56,112,v,Drummond 1' Alley Oop Dunk (9 PTS) (Dellavedova 5 AST),Made Shot,Alley Oop Dunk Shot,1,2,251
0021900962,349,PT10M24.00S,3,1610612741,CHI,1628976,Carter Jr.,W. Carter Jr.,-17,8,2,Missed,1,,,0,h,MISS Carter Jr. 2' Driving Layup,Missed Shot,Driving Layup Shot,1,2,252
0021900962,350,PT10M22.00S,3,1610612739,CLE,203521,Dellavedova,M. Dellavedova,0,0,0,,0,,,0,v,Dellavedova REBOUND (Off:0 Def:1),Rebound,Unknown,1,0,253
0021900962,351,PT10M17.00S,3,1610612739,CLE,203083,Drummond,A. Drummond,13,5,1,Made,1,56,58,114,v,Drummond 1' Layup (11 PTS) (Sexton 3 AST),Made Shot,Layup Shot,1,2,254
0021900962,353,PT10M17.00S,3,1610612741,CHI,1628976,Carter Jr.,W. Carter Jr.,0,0,0,,0,,,0,h,Carter Jr. S.FOUL (P3.T1) (K.Cutler),Foul,Shooting,1,0,255
0021900962,355,PT10M17.00S,3,1610612739,CLE,203083,Drummond,A. Drummond,0,0,0,,0,56,59,115,v,Drummond Free Throw 1 of 1 (12 PTS),Free Throw,Free Throw 1 of 1,1,0,256
0021900962,356,PT10M07.00S,3,1610612741,CHI,1627756,Valentine,D. Valentine,6,130,13,Missed,1,,,0,h,MISS Valentine 13' Driving Floating Jump Shot,Missed Shot,Driving Floating Jump Shot,1,2,257
0021900962,357,PT10M04.00S,3,1610612739,CLE,203521,Dellavedova,M. Dellavedova,0,0,0,,0,,,0,v,Dellavedova REBOUND (Off:0 Def:2),Rebound,Unknown,1,0,258
0021900962,358,PT09M56.00S,3,1610612739,CLE,203083,Drummond,A. Drummond,9,58,6,Missed,1,,,0,v,MISS Drummond 6' Hook Shot,Missed Shot,Hook Shot,1,2,259
0021900962,359,PT09M54.00S,3,1610612741,CHI,1627885,Harrison,S. Harrison,0,0,0,,0,,,0,h,Harrison REBOUND (Off:2 Def:5),Rebound,Unknown,1,0,260
0021900962,360,PT09M51.00S,3,1610612741,CHI,1627756,Valentine,D. Valentine,150,201,25,Made,1,59,59,118,h,Valentine 25' 3PT Jump Shot (12 PTS) (Harrison 3 AST),Made Shot,Jump Shot,1,3,261
0021900962,362,PT09M29.00S,3,1610612739,CLE,1626224,Osman,C. Osman,229,16,0,Missed,1,,,0,v,MISS Osman 3PT Jump Shot,Missed Shot,Jump Shot,1,3,262
0021900962,363,PT09M26.00S,3,1610612741,CHI,1629632,White,C. White,0,0,0,,0,,,0,h,White REBOUND (Off:0 Def:3),Rebound,Unknown,1,0,263
0021900962,364,PT09M25.00S,3,1610612741,CHI,1629632,White,C. White,0,0,0,,0,,,0,h,White Offensive Charge Foul (P1.T2) (K.Cutler),Foul,Offensive Charge,1,0,264
0021900962,366,PT09M25.00S,3,1610612741,CHI,1629632,White,C. White,0,0,0,,0,,,0,h,White Offensive Foul Turnover (P6.T12),Turnover,Offensive Foul Turnover,1,0,265
0021900962,367,PT09M13.00S,3,1610612739,CLE,1626224,Osman,C. Osman,-6,15,2,Made,1,59,61,120,v,Osman 2' Driving Layup (7 PTS),Made Shot,Driving Layup Shot,1,2,266
0021900962,368,PT08M57.00S,3,1610612741,CHI,1627756,Valentine,D. Valentine,-22,244,24,Missed,1,,,0,h,MISS Valentine 24' 3PT Jump Shot,Missed Shot,Jump Shot,1,3,267
0021900962,369,PT08M55.00S,3,1610612739,CLE,201567,Love,K. Love,0,0,0,,0,,,0,v,Love REBOUND (Off:0 Def:7),Rebound,Unknown,1,0,268
0021900962,370,PT08M48.00S,3,1610612739,CLE,1626224,Osman,C. Osman,3,9,1,Missed,1,,,0,v,MISS Osman 1' Driving Layup,Missed Shot,Driving Layup Shot,1,2,269
0021900962,370,PT08M48.00S,3,1610612741,CHI,1627885,Harrison,S. Harrison,0,0,0,,0,,,0,h,Harrison BLOCK (2 BLK),,,1,2,270
0021900962,372,PT08M46.00S,3,1610612741,CHI,1627885,Harrison,S. Harrison,0,0,0,,0,,,0,h,Harrison REBOUND (Off:2 Def:6),Rebound,Unknown,1,0,271
0021900962,373,PT08M41.00S,3,1610612739,CLE,203521,Dellavedova,M. Dellavedova,0,0,0,,0,,,0,v,Dellavedova P.FOUL (P1.T1) (K.Cutler),Foul,Personal,1,0,272
0021900962,375,PT08M34.00S,3,1610612741,CHI,1628374,Markkanen,L. Markkanen,119,211,24,Made,1,62,61,123,h,Markkanen 24' 3PT Jump Shot (12 PTS) (Carter Jr. 1 AST),Made Shot,Jump Shot,1,3,273
0021900962,377,PT08M20.00S,3,1610612741,CHI,1627885,Harrison,S. Harrison,0,0,0,,0,,,0,h,Harrison P.FOUL (P3.T3) (E.Dalen),Foul,Personal,1,0,274
0021900962,379,PT08M12.00S,3,1610612739,CLE,1629012,Sexton,C. Sexton,-47,71,9,Made,1,62,63,125,v,Sexton 9' Pullup Jump Shot (18 PTS),Made Shot,Pullup Jump shot,1,2,275
0021900962,380,PT07M59.00S,3,1610612741,CHI,1629632,White,C. White,78,26,8,Missed,1,,,0,h,MISS White 8' Jump Shot,Missed Shot,Jump Shot,1,2,276
0021900962,381,PT07M57.00S,3,1610612739,CLE,1626224,Osman,C. Osman,0,0,0,,0,,,0,v,Osman REBOUND (Off:3 Def:3),Rebound,Unknown,1,0,277
0021900962,382,PT07M50.00S,3,1610612739,CLE,1626224,Osman,C. Osman,39,92,10,Missed,1,,,0,v,MISS Osman 10' Pullup Jump Shot,Missed Shot,Pullup Jump shot,1,2,278
0021900962,383,PT07M50.00S,3,1610612741,CHI,1629632,White,C. White,0,0,0,,0,,,0,h,White REBOUND (Off:0 Def:4),Rebound,Unknown,1,0,279
0021900962,384,PT07M50.00S,3,1610612739,CLE,1626224,Osman,C. Osman,0,0,0,,0,,,0,v,Osman Personal Take Foul (P2.T2) (K.Cutler),Foul,Personal Take,1,0,280
0021900962,386,PT07M43.00S,3,1610612741,CHI,1628374,Markkanen,L. Markkanen,0,0,0,,0,,,0,h,Markkanen OFF.Foul (P2) (T.Washington),Foul,Offensive,1,0,281
0021900962,388,PT07M43.00S,3,1610612741,CHI,1628374,Markkanen,L. Markkanen,0,0,0,,0,,,0,h,Markkanen Offensive Foul Turnover (P1.T13),Turnover,Offensive Foul Turnover,1,0,282
0021900962,389,PT07M31.00S,3,1610612739,CLE,1629012,Sexton,C. Sexton,-22,8,2,Made,1,62,65,127,v,Sexton 2' Cutting Layup Shot (20 PTS) (Love 6 AST),Made Shot,Cutting Layup Shot,1,2,283
0021900962,391,PT07M20.00S,3,1610612741,CHI,1629632,White,C. White,0,0,0,,0,,,0,h,White Out of Bounds - Bad Pass Turnover Turnover (P7.T14),Turnover,Out of Bounds - Bad Pass Turnover,1,0,284
0021900962,392,PT07M05.00S,3,1610612739,CLE,203083,Drummond,A. Drummond,18,45,5,Missed,1,,,0,v,MISS Drummond 5' Driving Floating Jump Shot,Missed Shot,Driving Floating Jump Shot,1,2,285
0021900962,392,PT07M05.00S,3,1610612741,CHI,1627885,Harrison,S. Harrison,0,0,0,,0,,,0,h,Harrison BLOCK (3 BLK),,,1,2,286
0021900962,394,PT07M03.00S,3,1610612741,CHI,1629632,White,C. White,0,0,0,,0,,,0,h,White REBOUND (Off:0 Def:5),Rebound,Unknown,1,0,287
0021900962,395,PT06M59.00S,3,1610612741,CHI,1629632,White,C. White,9,15,2,Missed,1,,,0,h,MISS White 2' Alley Oop Layup,Missed Shot,Alley Oop Layup shot,1,2,288
0021900962,395,PT06M59.00S,3,1610612739,CLE,1626224,Osman,C. Osman,0,0,0,,0,,,0,v,Osman BLOCK (1 BLK),,,1,2,289
0021900962,397,PT06M56.00S,3,1610612739,CLE,1629012,Sexton,C. Sexton,0,0,0,,0,,,0,v,Sexton REBOUND (Off:0 Def:1),Rebound,Unknown,1,0,290
0021900962,398,PT06M49.00S,3,1610612739,CLE,203083,Drummond,A. Drummond,27,29,4,Missed,1,,,0,v,MISS Drummond 4' Layup,Missed Shot,Layup Shot,1,2,291
0021900962,399,PT06M47.00S,3,1610612741,CHI,1628374,Markkanen,L. Markkanen,0,0,0,,0,,,0,h,Markkanen REBOUND (Off:2 Def:2),Rebound,Unknown,1,0,292
0021900962,400,PT06M35.00S,3,1610612741,CHI,1627885,Harrison,S. Harrison,16,4,2,Made,1,64,65,129,h,Harrison 2' Driving Finger Roll Layup (4 PTS),Made Shot,Driving Finger Roll Layup Shot,1,2,293
0021900962,401,PT06M34.00S,3,0,,1610612739,,,0,0,0,,0,,,0,v,Cavaliers Timeout: Regular (Reg.3 Short 0),Timeout,Regular,0,0,294
0021900962,402,PT06M34.00S,3,1610612741,CHI,1627885,Harrison,S. Harrison,0,0,0,,0,,,0,h,SUB: Porter Jr. FOR Harrison,Substitution,,0,0,295
0021900962,403,PT06M34.00S,3,1610612741,CHI,1628976,Carter Jr.,W. Carter Jr.,0,0,0,,0,,,0,h,SUB: Satoransky FOR Carter Jr.,Substitution,,0,0,296
0021900962,404,PT06M34.00S,3,1610612741,CHI,1627756,Valentine,D. Valentine,0,0,0,,0,,,0,h,SUB: Gafford FOR Valentine,Substitution,,0,0,297
0021900962,405,PT06M34.00S,3,1610612739,CLE,1629012,Sexton,C. Sexton,0,0,0,,0,,,0,v,SUB: Nance Jr. FOR Sexton,Substitution,,0,0,298
0021900962,406,PT06M34.00S,3,1610612739,CLE,203083,Drummond,A. Drummond,0,0,0,,0,,,0,v,SUB: McKinnie FOR Drummond,Substitution,,0,0,299
0021900962,412,PT06M13.00S,3,1610612739,CLE,201567,Love,K. Love,-223,-12,0,Missed,1,,,0,v,MISS Love 3PT Jump Shot,Missed Shot,Jump Shot,1,3,300
0021900962,413,PT06M11.00S,3,1610612741,CHI,203107,Satoransky,T. Satoransky,0,0,0,,0,,,0,h,Satoransky REBOUND (Off:1 Def:3),Rebound,Unknown,1,0,301
0021900962,414,PT05M53.00S,3,1610612741,CHI,1628374,Markkanen,L. Markkanen,-226,-6,0,Made,1,67,65,132,h,Markkanen 3PT Jump Shot (15 PTS) (Satoransky 1 AST),Made Shot,Jump Shot,1,3,302
0021900962,416,PT05M33.00S,3,1610612741,CHI,1628374,Markkanen,L. Markkanen,0,0,0,,0,,,0,h,Markkanen P.FOUL (P3.T4) (T.Washington),Foul,Personal,1,0,303
0021900962,418,PT05M26.00S,3,1610612739,CLE,203521,Dellavedova,M. Dellavedova,0,0,0,,0,,,0,v,Dellavedova Out of Bounds - Bad Pass Turnover Turnover (P2.T12),Turnover,Out of Bounds - Bad Pass Turnover,1,0,304
0021900962,419,PT05M11.00S,3,1610612741,CHI,1628374,Markkanen,L. Markkanen,-230,62,24,Missed,1,,,0,h,MISS Markkanen 24' 3PT Jump Shot,Missed Shot,Jump Shot,1,3,305
0021900962,420,PT05M07.00S,3,1610612741,CHI,1629655,Gafford,D. Gafford,0,0,0,,0,,,0,h,Gafford REBOUND (Off:2 Def:1),Rebound,Unknown,1,0,306
0021900962,421,PT05M06.00S,3,1610612741,CHI,1629655,Gafford,D. Gafford,0,0,0,,0,,,0,h,Gafford Lost Ball Turnover (P2.T15),Turnover,Lost Ball,1,0,307
0021900962,421,PT05M06.00S,3,1610612739,CLE,1626204,Nance Jr.,L. Nance Jr.,0,0,0,,0,,,0,v,Nance Jr. STEAL (2 STL),,,1,0,308
0021900962,423,PT05M02.00S,3,1610612739,CLE,1626224,Osman,C. Osman,-5,8,1,Made,1,67,67,134,v,Osman 1' Running Dunk (9 PTS),Made Shot,Running Dunk Shot,1,2,309
0021900962,424,PT04M42.00S,3,1610612741,CHI,203490,Porter Jr.,O. Porter Jr.,-7,90,9,Made,1,69,67,136,h,Porter Jr. 9' Driving Floating Jump Shot (7 PTS),Made Shot,Driving Floating Jump Shot,1,2,310
0021900962,425,PT04M29.00S,3,1610612739,CLE,201567,Love,K. Love,-89,80,12,Made,1,69,69,138,v,Love 12' Jump Bank Shot (14 PTS) (Dellavedova 6 AST),Made Shot,Jump Bank Shot,1,2,311
0021900962,427,PT04M09.00S,3,1610612741,CHI,203490,Porter Jr.,O. Porter Jr.,38,91,10,Made,1,71,69,140,h,Porter Jr. 10' Step Back Jump Shot (9 PTS),Made Shot,Step Back Jump shot,1,2,312
0021900962,428,PT03M50.00S,3,1610612739,CLE,1626224,Osman,C. Osman,-71,245,26,Missed,1,,,0,v,MISS Osman 26' 3PT Jump Shot,Missed Shot,Jump Shot,1,3,313
0021900962,429,PT03M48.00S,3,1610612741,CHI,203107,Satoransky,T. Satoransky,0,0,0,,0,,,0,h,Satoransky REBOUND (Off:1 Def:4),Rebound,Unknown,1,0,314
0021900962,430,PT03M37.00S,3,1610612741,CHI,203107,Satoransky,T. Satoransky,24,2,2,Made,1,73,69,142,h,Satoransky 2' Driving Layup (2 PTS) (White 4 AST),Made Shot,Driving Layup Shot,1,2,315
0021900962,432,PT03M24.00S,3,1610612741,CHI,203107,Satoransky,T. Satoransky,0,0,0,,0,,,0,h,Satoransky P.FOUL (P1.PN) (E.Dalen),Foul,Personal,1,0,316
0021900962,434,PT03M24.00S,3,1610612741,CHI,1628374,Markkanen,L. Markkanen,0,0,0,,0,,,0,h,SUB: Young FOR Markkanen,Substitution,,0,0,317
0021900962,435,PT03M24.00S,3,1610612739,CLE,1626224,Osman,C. Osman,0,0,0,,0,,,0,v,SUB: Sexton FOR Osman,Substitution,,0,0,318
0021900962,436,PT03M24.00S,3,1610612739,CLE,203521,Dellavedova,M. Dellavedova,0,0,0,,0,,,0,v,SUB: Mooney FOR Dellavedova,Substitution,,0,0,319
0021900962,440,PT03M19.00S,3,1610612739,CLE,201567,Love,K. Love,126,226,26,Missed,1,,,0,v,MISS Love 26' 3PT Jump Shot,Missed Shot,Jump Shot,1,3,320
0021900962,441,PT03M12.00S,3,1610612739,CLE,1628035,McKinnie,A. McKinnie,0,0,0,,0,,,0,v,McKinnie REBOUND (Off:2 Def:0),Rebound,Unknown,1,0,321
0021900962,442,PT03M12.00S,3,1610612739,CLE,1628035,McKinnie,A. McKinnie,0,-6,1,Missed,1,,,0,v,MISS McKinnie 1' Tip Layup Shot,Missed Shot,Tip Layup Shot,1,2,322
0021900962,443,PT03M11.00S,3,1610612741,CHI,1629655,Gafford,D. Gafford,0,0,0,,0,,,0,h,Gafford REBOUND (Off:2 Def:2),Rebound,Unknown,1,0,323
0021900962,444,PT02M58.00S,3,1610612741,CHI,203490,Porter Jr.,O. Porter Jr.,204,134,24,Missed,1,,,0,h,MISS Porter Jr. 24' 3PT Jump Shot,Missed Shot,Jump Shot,1,3,324
0021900962,445,PT02M54.00S,3,1610612739,CLE,1629760,Mooney,M. Mooney,0,0,0,,0,,,0,v,Mooney REBOUND (Off:0 Def:2),Rebound,Unknown,1,0,325
0021900962,446,PT02M47.00S,3,1610612739,CLE,1629012,Sexton,C. Sexton,0,0,0,,0,,,0,v,Sexton Bad Pass Turnover (P3.T13),Turnover,Bad Pass,1,0,326
0021900962,446,PT02M47.00S,3,1610612741,CHI,203490,Porter Jr.,O. Porter Jr.,0,0,0,,0,,,0,h,Porter Jr. STEAL (2 STL),,,1,0,327
0021900962,448,PT02M43.00S,3,1610612741,CHI,1629632,White,C. White,-117,242,27,Made,1,76,69,145,h,White 27' 3PT Jump Shot (17 PTS) (Porter Jr. 2 AST),Made Shot,Jump Shot,1,3,328
0021900962,450,PT02M22.00S,3,1610612739,CLE,1628035,McKinnie,A. McKinnie,0,5,1,Made,1,76,71,147,v,McKinnie 1' Dunk (2 PTS) (Nance Jr. 4 AST),Made Shot,Dunk Shot,1,2,329
0021900962,452,PT02M08.00S,3,1610612741,CHI,1629632,White,C. White,0,0,0,,0,,,0,h,White Out of Bounds Lost Ball Turnover (P8.T16),Turnover,Out of Bounds Lost Ball Turnover,1,0,330
0021900962,453,PT02M08.00S,3,0,,1610612741,,,0,0,0,,0,,,0,h,BULLS Timeout: Regular (Full 3 Short 0),Timeout,Regular,0,0,331
0021900962,455,PT02M08.00S,3,1610612741,CHI,1629632,White,C. White,0,0,0,,0,,,0,h,SUB: Carter Jr. FOR White,Substitution,,0,0,332
0021900962,456,PT02M08.00S,3,1610612741,CHI,1629655,Gafford,D. Gafford,0,0,0,,0,,,0,h,SUB: Harrison FOR Gafford,Substitution,,0,0,333
0021900962,457,PT02M08.00S,3,1610612739,CLE,201567,Love,K. Love,0,0,0,,0,,,0,v,SUB: Drummond FOR Love,Substitution,,0,0,334
0021900962,461,PT01M56.00S,3,1610612739,CLE,203083,Drummond,A. Drummond,19,15,2,Made,1,76,73,149,v,Drummond 2' Cutting Layup Shot (14 PTS) (Nance Jr. 5 AST),Made Shot,Cutting Layup Shot,1,2,335
0021900962,463,PT01M43.00S,3,1610612741,CHI,203107,Satoransky,T. Satoransky,0,0,0,,0,,,0,h,Satoransky Lost Ball Turnover (P1.T17),Turnover,Lost Ball,1,0,336
0021900962,463,PT01M43.00S,3,1610612739,CLE,1629760,Mooney,M. Mooney,0,0,0,,0,,,0,v,Mooney STEAL (1 STL),,,1,0,337
0021900962,466,PT01M24.00S,3,1610612739,CLE,203083,Drummond,A. Drummond,-5,9,1,Missed,1,,,0,v,MISS Drummond 1' Cutting Layup Shot,Missed Shot,Cutting Layup Shot,1,2,338
0021900962,467,PT01M20.00S,3,1610612739,CLE,203083,Drummond,A. Drummond,0,0,0,,0,,,0,v,Drummond REBOUND (Off:1 Def:3),Rebound,Unknown,1,0,339
0021900962,468,PT01M20.00S,3,1610612739,CLE,203083,Drummond,A. Drummond,0,-6,1,Made,1,76,75,151,v,Drummond 1' Tip Layup Shot (16 PTS),Made Shot,Tip Layup Shot,1,2,340
0021900962,469,PT01M09.00S,3,1610612741,CHI,1627885,Harrison,S. Harrison,228,13,0,Missed,1,,,0,h,MISS Harrison 3PT Jump Shot,Missed Shot,Jump Shot,1,3,341
0021900962,470,PT01M06.00S,3,1610612739,CLE,1629012,Sexton,C. Sexton,0,0,0,,0,,,0,v,Sexton REBOUND (Off:0 Def:2),Rebound,Unknown,1,0,342
0021900962,472,PT01M00.00S,3,1610612739,CLE,1629012,Sexton,C. Sexton,166,85,19,Missed,1,,,0,v,MISS Sexton 19' Jump Shot,Missed Shot,Jump Shot,1,2,343
0021900962,473,PT00M58.10S,3,1610612741,CHI,201152,Young,T. Young,0,0,0,,0,,,0,h,Young REBOUND (Off:1 Def:2),Rebound,Unknown,1,0,344
0021900962,475,PT00M49.80S,3,1610612741,CHI,203107,Satoransky,T. Satoransky,48,38,6,Missed,1,,,0,h,MISS Satoransky 6' Driving Floating Jump Shot,Missed Shot,Driving Floating Jump Shot,1,2,345
0021900962,476,PT00M48.30S,3,1610612741,CHI,203107,Satoransky,T. Satoransky,0,0,0,,0,,,0,h,Satoransky REBOUND (Off:2 Def:4),Rebound,Unknown,1,0,346
0021900962,477,PT00M47.20S,3,1610612741,CHI,1628976,Carter Jr.,W. Carter Jr.,0,5,1,Made,1,78,75,153,h,Carter Jr. 1' Layup (12 PTS) (Satoransky 2 AST),Made Shot,Layup Shot,1,2,347
0021900962,479,PT00M34.40S,3,1610612741,CHI,1627885,Harrison,S. Harrison,0,0,0,,0,,,0,h,Harrison P.FOUL (P4.PN) (T.Washington),Foul,Personal,1,0,348
0021900962,481,PT00M34.40S,3,1610612739,CLE,1626204,Nance Jr.,L. Nance Jr.,0,0,0,,0,,,0,v,MISS Nance Jr. Free Throw 1 of 2,Free Throw,Free Throw 1 of 2,1,0,349
0021900962,482,PT00M34.40S,3,0,,1610612739,,,0,0,0,,0,,,0,v,Cavaliers Rebound,Rebound,Normal Rebound,0,0,350
0021900962,483,PT00M34.40S,3,1610612739,CLE,1626204,Nance Jr.,L. Nance Jr.,0,0,0,,0,78,76,154,v,Nance Jr. Free Throw 2 of 2 (13 PTS),Free Throw,Free Throw 2 of 2,1,0,351
0021900962,484,PT00M12.60S,3,1610612741,CHI,1627885,Harrison,S. Harrison,13,11,2,Missed,1,,,0,h,MISS Harrison 2' Driving Layup,Missed Shot,Driving Layup Shot,1,2,352
0021900962,485,PT00M12.60S,3,0,,1610612739,,,0,0,0,,0,,,0,v,Cavaliers Rebound,Rebound,Unknown,0,0,353
0021900962,486,PT00M12.60S,3,1610612741,CHI,1628976,Carter Jr.,W. Carter Jr.,0,0,0,,0,,,0,h,Carter Jr. L.B.FOUL (P4.PN) (T.Washington),Foul,Loose Ball,1,0,354
0021900962,488,PT00M12.60S,3,1610612741,CHI,1628976,Carter Jr.,W. Carter Jr.,0,0,0,,0,,,0,h,SUB: Markkanen FOR Carter Jr.,Substitution,,0,0,355
0021900962,490,PT00M12.60S,3,1610612739,CLE,1628035,McKinnie,A. McKinnie,0,0,0,,0,78,77,155,v,McKinnie Free Throw 1 of 2 (3 PTS),Free Throw,Free Throw 1 of 2,1,0,356
0021900962,492,PT00M12.60S,3,1610612739,CLE,1628035,McKinnie,A. McKinnie,0,0,0,,0,78,78,156,v,McKinnie Free Throw 2 of 2 (4 PTS),Free Throw,Free Throw 2 of 2,1,0,357
0021900962,494,PT00M08.20S,3,1610612739,CLE,1626204,Nance Jr.,L. Nance Jr.,0,0,0,,0,,,0,v,Nance Jr. P.FOUL (P1.T3) (E.Dalen),Foul,Personal,1,0,358
0021900962,496,PT00M01.50S,3,1610612741,CHI,203107,Satoransky,T. Satoransky,29,6,3,Missed,1,,,0,h,MISS Satoransky 3' Driving Layup,Missed Shot,Driving Layup Shot,1,2,359
0021900962,497,PT00M01.50S,3,1610612739,CLE,203083,Drummond,A. Drummond,0,0,0,,0,,,0,v,Drummond REBOUND (Off:1 Def:4),Rebound,Unknown,1,0,360
0021900962,498,PT00M00.00S,3,0,,0,,,0,0,0,,0,78,78,156,,End of 3rd Period (9:46 PM EST),period,end,1,0,361
0021900962,501,PT12M00.00S,4,0,,0,,,0,0,0,,0,78,78,156,,Start of 4th Period (9:48 PM EST),period,start,0,0,362
0021900962,502,PT11M47.00S,4,1610612741,CHI,1627885,Harrison,S. Harrison,0,0,0,,0,,,0,h,Harrison S.FOUL (P5.T1) (E.Dalen),Foul,Shooting,1,0,363
0021900962,504,PT11M47.00S,4,1610612739,CLE,203083,Drummond,A. Drummond,0,0,0,,0,,,0,v,MISS Drummond Free Throw 1 of 2,Free Throw,Free Throw 1 of 2,1,0,364
0021900962,505,PT11M47.00S,4,0,,1610612739,,,0,0,0,,0,,,0,v,Cavaliers Rebound,Rebound,Normal Rebound,0,0,365
0021900962,506,PT11M47.00S,4,1610612739,CLE,203083,Drummond,A. Drummond,0,0,0,,0,78,79,157,v,Drummond Free Throw 2 of 2 (17 PTS),Free Throw,Free Throw 2 of 2,1,0,366
0021900962,507,PT11M36.00S,4,1610612739,CLE,1628035,McKinnie,A. McKinnie,0,0,0,,0,,,0,v,McKinnie S.FOUL (P2.T1) (E.Dalen),Foul,Shooting,1,0,367
0021900962,509,PT11M36.00S,4,1610612741,CHI,201152,Young,T. Young,0,0,0,,0,,,0,h,MISS Young Free Throw 1 of 2,Free Throw,Free Throw 1 of 2,1,0,368
0021900962,510,PT11M36.00S,4,0,,1610612741,,,0,0,0,,0,,,0,h,BULLS Rebound,Rebound,Normal Rebound,0,0,369
0021900962,511,PT11M36.00S,4,1610612741,CHI,201152,Young,T. Young,0,0,0,,0,79,79,158,h,Young Free Throw 2 of 2 (3 PTS),Free Throw,Free Throw 2 of 2,1,0,370
0021900962,512,PT11M25.00S,4,1610612739,CLE,1629012,Sexton,C. Sexton,-47,126,13,Made,1,79,81,160,v,Sexton 13' Driving Floating Jump Shot (22 PTS),Made Shot,Driving Floating Jump Shot,1,2,371
0021900962,513,PT11M02.00S,4,1610612741,CHI,201152,Young,T. Young,-12,18,2,Made,1,81,81,162,h,Young 2' Driving Layup (5 PTS) (Harrison 4 AST),Made Shot,Driving Layup Shot,1,2,372
0021900962,515,PT10M37.00S,4,1610612739,CLE,1629760,Mooney,M. Mooney,-166,-5,17,Missed,1,,,0,v,MISS Mooney 17' Step Back Jump Shot,Missed Shot,Step Back Jump shot,1,2,373
0021900962,516,PT10M34.00S,4,1610612741,CHI,201152,Young,T. Young,0,0,0,,0,,,0,h,Young REBOUND (Off:1 Def:3),Rebound,Unknown,1,0,374
0021900962,517,PT10M31.00S,4,1610612741,CHI,203490,Porter Jr.,O. Porter Jr.,236,17,24,Missed,1,,,0,h,MISS Porter Jr. 24' 3PT Jump Shot,Missed Shot,Jump Shot,1,3,375
0021900962,518,PT10M25.00S,4,1610612741,CHI,1627885,Harrison,S. Harrison,0,0,0,,0,,,0,h,Harrison REBOUND (Off:3 Def:6),Rebound,Unknown,1,0,376
0021900962,519,PT10M25.00S,4,1610612741,CHI,1627885,Harrison,S. Harrison,0,-6,1,Made,1,83,81,164,h,Harrison 1' Tip Layup Shot (6 PTS),Made Shot,Tip Layup Shot,1,2,377
0021900962,521,PT09M58.00S,4,1610612739,CLE,1629012,Sexton,C. Sexton,23,83,9,Missed,1,,,0,v,MISS Sexton 9' Driving Floating Jump Shot,Missed Shot,Driving Floating Jump Shot,1,2,378
0021900962,522,PT09M56.00S,4,1610612739,CLE,1628035,McKinnie,A. McKinnie,0,0,0,,0,,,0,v,McKinnie REBOUND (Off:3 Def:0),Rebound,Unknown,1,0,379
0021900962,523,PT09M54.00S,4,1610612739,CLE,1628035,McKinnie,A. McKinnie,-6,21,2,Made,1,83,83,166,v,McKinnie 2' Putback Layup (6 PTS),Made Shot,Putback Layup Shot,1,2,380
0021900962,525,PT09M43.00S,4,1610612739,CLE,1629760,Mooney,M. Mooney,0,0,0,,0,,,0,v,SUB: Osman FOR Mooney,Substitution,,0,0,381
0021900962,527,PT09M38.00S,4,1610612741,CHI,203490,Porter Jr.,O. Porter Jr.,-3,42,4,Made,1,85,83,168,h,Porter Jr. 4' Driving Layup (11 PTS),Made Shot,Driving Layup Shot,1,2,382
0021900962,528,PT09M38.00S,4,1610612739,CLE,1626224,Osman,C. Osman,0,0,0,,0,,,0,v,Osman S.FOUL (P3.T2) (T.Washington),Foul,Shooting,1,0,383
0021900962,530,PT09M38.00S,4,1610612741,CHI,1627885,Harrison,S. Harrison,0,0,0,,0,,,0,h,SUB: White FOR Harrison,Substitution,,0,0,384
0021900962,532,PT09M38.00S,4,1610612741,CHI,201152,Young,T. Young,0,0,0,,0,,,0,h,SUB: Markkanen FOR Young,Substitution,,0,0,385
0021900962,534,PT09M38.00S,4,1610612741,CHI,203490,Porter Jr.,O. Porter Jr.,0,0,0,,0,86,83,169,h,Porter Jr. Free Throw 1 of 1 (12 PTS),Free Throw,Free Throw 1 of 1,1,0,386
0021900962,535,PT09M19.00S,4,1610612739,CLE,1626204,Nance Jr.,L. Nance Jr.,0,0,0,,0,,,0,v,Nance Jr. Out of Bounds - Bad Pass Turnover Turnover (P1.T14),Turnover,Out of Bounds - Bad Pass Turnover,1,0,387
0021900962,536,PT09M19.00S,4,1610612741,CHI,203490,Porter Jr.,O. Porter Jr.,0,0,0,,0,,,0,h,SUB: Valentine FOR Porter Jr.,Substitution,,0,0,388
0021900962,538,PT08M59.00S,4,1610612741,CHI,1627756,Valentine,D. Valentine,233,-10,0,Made,1,89,83,172,h,Valentine 3PT Jump Shot (15 PTS) (Satoransky 3 AST),Made Shot,Jump Shot,1,3,389
0021900962,540,PT08M30.00S,4,1610612739,CLE,203083,Drummond,A. Drummond,-11,8,1,Made,1,89,85,174,v,Drummond 1' Alley Oop Dunk (19 PTS) (Sexton 4 AST),Made Shot,Alley Oop Dunk Shot,1,2,390
0021900962,542,PT08M08.00S,4,1610612741,CHI,1627756,Valentine,D. Valentine,0,0,0,,0,,,0,h,Valentine Bad Pass Turnover (P2.T18),Turnover,Bad Pass,1,0,391
0021900962,542,PT08M08.00S,4,1610612739,CLE,1628035,McKinnie,A. McKinnie,0,0,0,,0,,,0,v,McKinnie STEAL (1 STL),,,1,0,392
0021900962,544,PT08M01.00S,4,1610612741,CHI,1627756,Valentine,D. Valentine,0,0,0,,0,,,0,h,Valentine P.FOUL (P1.T2) (T.Washington),Foul,Personal,1,0,393
0021900962,546,PT08M01.00S,4,1610612741,CHI,1629655,Gafford,D. Gafford,0,0,0,,0,,,0,h,SUB: Carter Jr. FOR Gafford,Substitution,,0,0,394
0021900962,547,PT08M01.00S,4,1610612739,CLE,1629012,Sexton,C. Sexton,0,0,0,,0,,,0,v,SUB: Love FOR Sexton,Substitution,,0,0,395
0021900962,548,PT08M01.00S,4,1610612739,CLE,1626204,Nance Jr.,L. Nance Jr.,0,0,0,,0,,,0,v,SUB: Dellavedova FOR Nance Jr.,Substitution,,0,0,396
0021900962,552,PT07M50.00S,4,1610612739,CLE,201567,Love,K. Love,126,227,26,Missed,1,,,0,v,MISS Love 26' 3PT Jump Shot,Missed Shot,Jump Shot,1,3,397
0021900962,553,PT07M46.00S,4,1610612741,CHI,1628976,Carter Jr.,W. Carter Jr.,0,0,0,,0,,,0,h,Carter Jr. REBOUND (Off:0 Def:5),Rebound,Unknown,1,0,398
0021900962,554,PT07M28.00S,4,1610612741,CHI,1628976,Carter Jr.,W. Carter Jr.,-14,5,1,Made,1,91,85,176,h,Carter Jr. 1' Layup (14 PTS) (Valentine 2 AST),Made Shot,Layup Shot,1,2,399
0021900962,556,PT07M10.00S,4,1610612739,CLE,1626224,Osman,C. Osman,-15,13,2,Missed,1,,,0,v,MISS Osman 2' Cutting Layup Shot,Missed Shot,Cutting Layup Shot,1,2,400
0021900962,557,PT07M08.00S,4,1610612741,CHI,1627756,Valentine,D. Valentine,0,0,0,,0,,,0,h,Valentine REBOUND (Off:0 Def:1),Rebound,Unknown,1,0,401
0021900962,559,PT06M54.00S,4,1610612741,CHI,203107,Satoransky,T. Satoransky,-235,7,24,Made,1,94,85,179,h,Satoransky 24' 3PT Jump Shot (5 PTS) (White 5 AST),Made Shot,Jump Shot,1,3,402
0021900962,561,PT06M52.00S,4,0,,1610612739,,,0,0,0,,0,,,0,v,Cavaliers Timeout: Regular (Reg.4 Short 0),Timeout,Regular,0,0,403
0021900962,562,PT06M52.00S,4,1610612739,CLE,1628035,McKinnie,A. McKinnie,0,0,0,,0,,,0,v,SUB: Sexton FOR McKinnie,Substitution,,0,0,404
0021900962,564,PT06M33.00S,4,1610612739,CLE,203083,Drummond,A. Drummond,0,0,0,,0,,,0,v,Drummond Traveling Turnover (P5.T15),Turnover,Traveling,1,0,405
0021900962,565,PT06M23.00S,4,1610612741,CHI,1628976,Carter Jr.,W. Carter Jr.,0,0,0,,0,,,0,h,Carter Jr. Lost Ball Turnover (P2.T19),Turnover,Lost Ball,1,0,406
0021900962,565,PT06M23.00S,4,1610612739,CLE,203083,Drummond,A. Drummond,0,0,0,,0,,,0,v,Drummond STEAL (2 STL),,,1,0,407
0021900962,567,PT06M19.00S,4,1610612739,CLE,1629012,Sexton,C. Sexton,6,0,1,Made,1,94,87,181,v,Sexton 1' Driving Dunk (24 PTS) (Dellavedova 7 AST),Made Shot,Driving Dunk Shot,1,2,408
0021900962,569,PT05M56.00S,4,1610612741,CHI,1627756,Valentine,D. Valentine,-164,246,30,Missed,1,,,0,h,MISS Valentine 30' 3PT Jump Shot,Missed Shot,Jump Shot,1,3,409
0021900962,570,PT05M51.00S,4,1610612739,CLE,1629012,Sexton,C. Sexton,0,0,0,,0,,,0,v,Sexton REBOUND (Off:0 Def:3),Rebound,Unknown,1,0,410
0021900962,571,PT05M46.00S,4,1610612739,CLE,203083,Drummond,A. Drummond,0,0,0,,0,,,0,v,Drummond 3 Second Violation Turnover (P6.T16),Turnover,3 Second Violation,1,0,411
0021900962,572,PT05M46.00S,4,0,,1610612741,,,0,0,0,,0,,,0,h,BULLS Timeout: Regular (Full 4 Short 0),Timeout,Regular,0,0,412
0021900962,573,PT05M35.00S,4,1610612741,CHI,1628374,Markkanen,L. Markkanen,-116,265,29,Missed,1,,,0,h,MISS Markkanen 29' 3PT Jump Shot,Missed Shot,Jump Shot,1,3,413
0021900962,574,PT05M32.00S,4,1610612739,CLE,203083,Drummond,A. Drummond,0,0,0,,0,,,0,v,Drummond REBOUND (Off:1 Def:5),Rebound,Unknown,1,0,414
0021900962,575,PT05M18.00S,4,1610612741,CHI,1628976,Carter Jr.,W. Carter Jr.,0,0,0,,0,,,0,h,Carter Jr. S.FOUL (P5.T3) (T.Washington),Foul,Shooting,1,0,415
0021900962,577,PT05M18.00S,4,1610612739,CLE,203083,Drummond,A. Drummond,0,0,0,,0,,,0,v,MISS Drummond Free Throw 1 of 2,Free Throw,Free Throw 1 of 2,1,0,416
0021900962,578,PT05M18.00S,4,0,,1610612739,,,0,0,0,,0,,,0,v,Cavaliers Rebound,Rebound,Normal Rebound,0,0,417
0021900962,580,PT05M18.00S,4,1610612741,CHI,1627756,Valentine,D. Valentine,0,0,0,,0,,,0,h,SUB: Young FOR Valentine,Substitution,,0,0,418
0021900962,581,PT05M18.00S,4,1610612739,CLE,1626224,Osman,C. Osman,0,0,0,,0,,,0,v,SUB: Nance Jr. FOR Osman,Substitution,,0,0,419
0021900962,601,PT05M18.00S,4,1610612741,CHI,1628374,Markkanen,L. Markkanen,0,0,0,,0,,,0,h,SUB: Porter Jr. FOR Markkanen,Substitution,,0,0,420
0021900962,585,PT05M18.00S,4,1610612739,CLE,203083,Drummond,A. Drummond,0,0,0,,0,,,0,v,MISS Drummond Free Throw 2 of 2,Free Throw,Free Throw 2 of 2,1,0,421
0021900962,586,PT05M12.00S,4,1610612741,CHI,203107,Satoransky,T. Satoransky,0,0,0,,0,,,0,h,Satoransky REBOUND (Off:2 Def:5),Rebound,Unknown,1,0,422
0021900962,587,PT04M52.00S,4,1610612741,CHI,203490,Porter Jr.,O. Porter Jr.,-145,223,27,Made,1,97,87,184,h,Porter Jr. 27' 3PT Jump Shot (15 PTS) (Satoransky 4 AST),Made Shot,Jump Shot,1,3,423
0021900962,589,PT04M33.00S,4,1610612739,CLE,203521,Dellavedova,M. Dellavedova,73,260,27,Made,1,97,90,187,v,Dellavedova 27' 3PT Jump Shot (5 PTS) (Love 7 AST),Made Shot,Jump Shot,1,3,424
0021900962,591,PT04M14.00S,4,1610612741,CHI,1629632,White,C. White,0,0,0,,0,,,0,h,White Out of Bounds - Bad Pass Turnover Turnover (P9.T20),Turnover,Out of Bounds - Bad Pass Turnover,1,0,425
0021900962,592,PT03M56.00S,4,1610612739,CLE,203521,Dellavedova,M. Dellavedova,-124,236,27,Made,1,97,93,190,v,Dellavedova 27' 3PT Jump Shot (8 PTS) (Nance Jr. 6 AST),Made Shot,Jump Shot,1,3,426
0021900962,594,PT03M37.00S,4,1610612741,CHI,203490,Porter Jr.,O. Porter Jr.,-230,-3,0,Missed,1,,,0,h,MISS Porter Jr. 3PT Jump Shot,Missed Shot,Jump Shot,1,3,427
0021900962,595,PT03M32.00S,4,1610612741,CHI,1628976,Carter Jr.,W. Carter Jr.,0,0,0,,0,,,0,h,Carter Jr. REBOUND (Off:1 Def:5),Rebound,Unknown,1,0,428
0021900962,596,PT03M29.00S,4,1610612741,CHI,1629632,White,C. White,225,-27,0,Missed,1,,,0,h,MISS White 3PT Jump Shot,Missed Shot,Jump Shot,1,3,429
0021900962,597,PT03M23.00S,4,1610612741,CHI,203107,Satoransky,T. Satoransky,0,0,0,,0,,,0,h,Satoransky REBOUND (Off:3 Def:5),Rebound,Unknown,1,0,430
0021900962,598,PT03M22.00S,4,1610612741,CHI,201152,Young,T. Young,-235,-8,24,Made,1,100,93,193,h,Young 24' 3PT Jump Shot (8 PTS) (Satoransky 5 AST),Made Shot,Jump Shot,1,3,431
0021900962,599,PT02M53.00S,4,1610612739,CLE,201567,Love,K. Love,-232,-4,0,Missed,1,,,0,v,MISS Love 3PT Jump Shot,Missed Shot,Jump Shot,1,3,432
0021900962,600,PT02M50.00S,4,1610612741,CHI,203490,Porter Jr.,O. Porter Jr.,0,0,0,,0,,,0,h,Porter Jr. REBOUND (Off:1 Def:2),Rebound,Unknown,1,0,433
0021900962,602,PT02M36.00S,4,1610612739,CLE,203083,Drummond,A. Drummond,0,0,0,,0,,,0,v,Drummond S.FOUL (P4.T3) (T.Washington),Foul,Shooting,1,0,434
0021900962,604,PT02M36.00S,4,1610612741,CHI,1629632,White,C. White,0,0,0,,0,,,0,h,MISS White Free Throw 1 of 2,Free Throw,Free Throw 1 of 2,1,0,435
0021900962,605,PT02M36.00S,4,0,,1610612741,,,0,0,0,,0,,,0,h,BULLS Rebound,Rebound,Normal Rebound,0,0,436
0021900962,606,PT02M36.00S,4,1610612741,CHI,203107,Satoransky,T. Satoransky,0,0,0,,0,,,0,h,SUB: Harrison FOR Satoransky,Substitution,,0,0,437
0021900962,608,PT02M36.00S,4,1610612741,CHI,1629632,White,C. White,0,0,0,,0,101,93,194,h,White Free Throw 2 of 2 (18 PTS),Free Throw,Free Throw 2 of 2,1,0,438
0021900962,609,PT02M21.00S,4,1610612739,CLE,1629012,Sexton,C. Sexton,-4,135,14,Made,1,101,95,196,v,Sexton 14' Step Back Jump Shot (26 PTS),Made Shot,Step Back Jump shot,1,2,439
0021900962,610,PT02M04.00S,4,1610612741,CHI,1629632,White,C. White,-115,163,20,Missed,1,,,0,h,MISS White 20' Jump Shot,Missed Shot,Jump Shot,1,2,440
0021900962,611,PT02M02.00S,4,1610612739,CLE,201567,Love,K. Love,0,0,0,,0,,,0,v,Love REBOUND (Off:0 Def:8),Rebound,Unknown,1,0,441
0021900962,613,PT01M54.00S,4,1610612739,CLE,1626204,Nance Jr.,L. Nance Jr.,-230,5,0,Made,1,101,98,199,v,Nance Jr. 3PT Jump Shot (16 PTS) (Dellavedova 8 AST),Made Shot,Jump Shot,1,3,442
0021900962,615,PT01M35.00S,4,1610612741,CHI,1629632,White,C. White,-16,15,2,Made,1,103,98,201,h,White 2' Layup (20 PTS),Made Shot,Layup Shot,1,2,443
0021900962,616,PT01M26.00S,4,1610612739,CLE,201567,Love,K. Love,-140,208,25,Made,1,103,101,204,v,Love 25' 3PT Jump Shot (17 PTS) (Sexton 5 AST),Made Shot,Jump Shot,1,3,444
0021900962,618,PT01M11.00S,4,1610612739,CLE,203521,Dellavedova,M. Dellavedova,0,0,0,,0,,,0,v,Dellavedova S.FOUL (P2.T4) (E.Dalen),Foul,Shooting,1,0,445
0021900962,620,PT01M11.00S,4,1610612741,CHI,1628976,Carter Jr.,W. Carter Jr.,0,0,0,,0,104,101,205,h,Carter Jr. Free Throw 1 of 2 (15 PTS),Free Throw,Free Throw 1 of 2,1,0,446
0021900962,621,PT01M11.00S,4,1610612741,CHI,1628976,Carter Jr.,W. Carter Jr.,0,0,0,,0,105,101,206,h,Carter Jr. Free Throw 2 of 2 (16 PTS),Free Throw,Free Throw 2 of 2,1,0,447
0021900962,622,PT00M59.20S,4,1610612739,CLE,1629012,Sexton,C. Sexton,0,0,0,,0,,,0,v,Sexton Out of Bounds - Bad Pass Turnover Turnover (P4.T17),Turnover,Out of Bounds - Bad Pass Turnover,1,0,448
0021900962,623,PT00M59.20S,4,1610612741,CHI,201152,Young,T. Young,0,0,0,,0,,,0,h,SUB: Markkanen FOR Young,Substitution,,0,0,449
0021900962,625,PT00M51.80S,4,0,,1610612741,,,0,0,0,,0,,,0,h,BULLS Timeout: Regular (Full 5 Short 0),Timeout,Regular,0,0,450
0021900962,626,PT00M51.80S,4,0,,1610612741,,,0,0,0,,0,,,0,h,BULLS Timeout: Regular (Full 6 Short 0),Timeout,Regular,0,0,451
0021900962,627,PT00M51.80S,4,1610612741,CHI,1627885,Harrison,S. Harrison,0,0,0,,0,,,0,h,SUB: Valentine FOR Harrison,Substitution,,0,0,452
0021900962,629,PT00M43.70S,4,1610612741,CHI,1628374,Markkanen,L. Markkanen,0,0,0,,0,,,0,h,Markkanen Bad Pass Turnover (P2.T21),Turnover,Bad Pass,1,0,453
0021900962,629,PT00M43.70S,4,1610612739,CLE,203521,Dellavedova,M. Dellavedova,0,0,0,,0,,,0,v,Dellavedova STEAL (1 STL),,,1,0,454
0021900962,631,PT00M43.70S,4,0,,1610612739,,,0,0,0,,0,,,0,v,Cavaliers Timeout: Regular (Reg.5 Short 0),Timeout,Regular,0,0,455
0021900962,632,PT00M43.70S,4,1610612741,CHI,1628374,Markkanen,L. Markkanen,0,0,0,,0,,,0,h,SUB: Young FOR Markkanen,Substitution,,0,0,456
0021900962,633,PT00M43.70S,4,1610612741,CHI,1627756,Valentine,D. Valentine,0,0,0,,0,,,0,h,SUB: Harrison FOR Valentine,Substitution,,0,0,457
0021900962,636,PT00M38.30S,4,1610612739,CLE,1629012,Sexton,C. Sexton,-18,62,6,Missed,1,,,0,v,MISS Sexton 6' Driving Floating Jump Shot,Missed Shot,Driving Floating Jump Shot,1,2,458
0021900962,637,PT00M38.30S,4,1610612739,CLE,203083,Drummond,A. Drummond,0,0,0,,0,,,0,v,Drummond REBOUND (Off:2 Def:5),Rebound,Unknown,1,0,459
0021900962,638,PT00M38.30S,4,1610612739,CLE,203083,Drummond,A. Drummond,0,-6,1,Made,1,105,103,208,v,Drummond 1' Tip Layup Shot (21 PTS),Made Shot,Tip Layup Shot,1,2,460
0021900962,639,PT00M13.50S,4,1610612741,CHI,1629632,White,C. White,36,133,14,Missed,1,,,0,h,MISS White 14' Jump Shot,Missed Shot,Jump Shot,1,2,461
0021900962,640,PT00M13.20S,4,1610612741,CHI,1627885,Harrison,S. Harrison,0,0,0,,0,,,0,h,Harrison REBOUND (Off:4 Def:6),Rebound,Unknown,1,0,462
0021900962,641,PT00M13.20S,4,1610612739,CLE,203083,Drummond,A. Drummond,0,0,0,,0,,,0,v,Drummond S.FOUL (P5.PN) (T.Washington),Foul,Shooting,1,0,463
0021900962,643,PT00M13.20S,4,1610612741,CHI,1627885,Harrison,S. Harrison,0,0,0,,0,106,103,209,h,Harrison Free Throw 1 of 2 (7 PTS),Free Throw,Free Throw 1 of 2,1,0,464
0021900962,644,PT00M13.20S,4,1610612741,CHI,1627885,Harrison,S. Harrison,0,0,0,,0,107,103,210,h,Harrison Free Throw 2 of 2 (8 PTS),Free Throw,Free Throw 2 of 2,1,0,465
0021900962,645,PT00M06.80S,4,1610612739,CLE,1629012,Sexton,C. Sexton,0,0,0,,0,,,0,v,Sexton Lost Ball Turnover (P5.T18),Turnover,Lost Ball,1,0,466
0021900962,645,PT00M06.80S,4,1610612741,CHI,1628976,Carter Jr.,W. Carter Jr.,0,0,0,,0,,,0,h,Carter Jr. STEAL (2 STL),,,1,0,467
0021900962,647,PT00M06.40S,4,1610612739,CLE,1629012,Sexton,C. Sexton,0,0,0,,0,,,0,v,Sexton Personal Take Foul (P1.PN) (T.Washington),Foul,Personal Take,1,0,468
0021900962,649,PT00M06.40S,4,1610612741,CHI,1628976,Carter Jr.,W. Carter Jr.,0,0,0,,0,108,103,211,h,Carter Jr. Free Throw 1 of 2 (17 PTS),Free Throw,Free Throw 1 of 2,1,0,469
0021900962,650,PT00M06.40S,4,1610612741,CHI,1628976,Carter Jr.,W. Carter Jr.,0,0,0,,0,,,0,h,MISS Carter Jr. Free Throw 2 of 2,Free Throw,Free Throw 2 of 2,1,0,470
0021900962,651,PT00M05.70S,4,1610612739,CLE,1626204,Nance Jr.,L. Nance Jr.,0,0,0,,0,,,0,v,Nance Jr. REBOUND (Off:1 Def:3),Rebound,Unknown,1,0,471
0021900962,652,PT00M05.70S,4,0,,1610612739,,,0,0,0,,0,,,0,v,Cavaliers Timeout: Regular (Reg.6 Short 0),Timeout,Regular,0,0,472
0021900962,653,PT00M04.00S,4,1610612739,CLE,201567,Love,K. Love,-73,242,25,Missed,1,,,0,v,MISS Love 25' 3PT Jump Shot,Missed Shot,Jump Shot,1,3,473
0021900962,654,PT00M00.40S,4,1610612741,CHI,203490,Porter Jr.,O. Porter Jr.,0,0,0,,0,,,0,h,Porter Jr. REBOUND (Off:1 Def:3),Rebound,Unknown,1,0,474
0021900962,655,PT00M00.00S,4,0,,0,,,0,0,0,,0,108,103,211,,End of 4th Period (10:23 PM EST),period,end,1,0,475
